PsSequence,PgSequence,psmzmean,psrtmean,charge,PsValidAssays,pgmz,pgrt,pgcharge,PsAssay0,PsAssay1,PsAssay2,PsAssay3,PsAssay4,PsAssay5,PsAssay6,PsAssay7,PsAssay8,PsAssay9,PgAssay0,PgAssay1,PgAssay2,PgAssay3,PgAssay4,PgAssay5,PgAssay6,PgAssay7,PgAssay8,PgAssay9,,Ps0,Ps1,Ps2,Ps3,Ps4,Ps5,Ps6,Ps7,Ps8,Ps9,Pg0,Pg1,Pg2,Pg3,Pg4,Pg5,Pg6,Pg7,Pg8,Pg9
VINDAFGIEEGLMTTVHSLTATQK,VINDAFGIEEGLMTTVHSLTATQK,859.11,5074.382975,3,10,859.11,5073.58,3,2.23E+09,1.63E+09,1.86E+09,1.97E+09,2.11E+09,2.29E+09,2.41E+09,1.73E+09,1.73E+09,1.57E+09,44637242.6,38105608.93,39921321.19,42422868.91,47220665.72,49936662.63,35602339.18,36029865.13,32632124.01,33812278.28,Ps0,1,0.861872592,0.869012588,0.921667711,0.92493344,0.902807127,0.925904281,0.937572851,0.938637084,0.88994514,0.91790361,0.860291999,0.929706805,0.864224408,0.895163907,0.869173304,0.897084608,0.91351687,0.937537212,0.854124943
IGLDCASSEFFK,IGLDCASSEFFK,687.32,3740.82408,2,10,687.32,3733.806,2,1.18E+10,1.16E+10,1.29E+10,1.17E+10,1.56E+10,1.42E+10,9.82E+09,1.18E+10,1.06E+10,8.41E+09,111835705.5,121368171.1,113999932.7,155559065.5,139835497.5,94196459.17,111958495.1,104142398,79526344.02,114343046.1,Ps1,0.861872592,1,0.878603435,0.813908059,0.86343108,0.822366698,0.833129381,0.816141166,0.836621445,0.78903726,0.813910473,0.876540458,0.829047267,0.837313894,0.805014316,0.789289824,0.803999324,0.825916341,0.836410531,0.898513334
VVGLSTLPEIYEK,VVGLSTLPEIYEK,724.41,3807.458711,2,10,724.41,3798.875,2,1.37E+10,1.59E+10,1.38E+10,1.30E+10,1.66E+10,1.53E+10,1.60E+10,1.31E+10,1.20E+10,9.64E+09,145668292.6,147322550.6,140018233.9,180233747.1,163035260.3,121612005.8,143684602.3,126583454.7,103391582.2,119043118.8,Ps2,0.869012588,0.878603435,1,0.826643387,0.898915312,0.816420765,0.875640228,0.891345552,0.892112362,0.830878567,0.835723958,0.886982828,0.841900781,0.857126329,0.822490069,0.811665648,0.827851921,0.847888925,0.852776403,0.898528364
IGGIGTVPVGR,IGGIGTVPVGR,513.31,2183.011063,2,10,513.31,2182.143,2,1.22E+10,1.15E+10,1.12E+10,1.28E+10,1.06E+10,2986540,8.62E+09,1.00E+10,8.97E+09,2.16E+10,67861740.99,65568656.9,70309563.28,61234311.01,65581862.15,47105451.46,54922036.25,49711169.36,64802749.96,66685966.62,Ps3,0.921667711,0.813908059,0.826643387,1,0.85023935,0.878165987,0.873623907,0.901373301,0.932268937,0.864498667,0.838371378,0.783128127,0.878298877,0.781139553,0.834244307,0.784743344,0.812755098,0.84132368,0.87398724,0.787023254
VLPELQGK,VLPELQGK,442.27,1820.964185,2,9,442.27,1822.091,2,7.72E+09,4.06E+09,0,1.24E+10,6.34E+09,1.14E+10,5.36E+09,5.45E+09,7.52E+09,8.03E+09,35293749.59,20839608.09,56571099.8,28010553.77,51598932.82,24574242.41,23787268.02,33384900.43,37979063.82,19242264.6,Ps4,0.92493344,0.86343108,0.898915312,0.85023935,1,0.867725848,0.914346714,0.927508885,0.902324363,0.866483642,0.890763681,0.901223356,0.891692224,0.898589408,0.871147427,0.864451768,0.885549195,0.897322763,0.907029533,0.905266182
TIAETLAEELINAAK,TIAETLAEELINAAK,793.94,5084.258201,2,10,793.94,5084.374,2,1.02E+09,8.42E+08,1.15E+09,1.01E+09,1.14E+07,1.31E+09,8.89E+08,5.24E+08,7.41E+08,5.83E+08,14719655.51,16833371.44,14617761.41,16233069.2,19350199.36,13211601.49,7724634.567,10851383.34,8457632.796,12360344.21,Ps5,0.902807127,0.822366698,0.816420765,0.878165987,0.867725848,1,0.872119153,0.880787879,0.899929145,0.759277296,0.888457675,0.841609018,0.924145054,0.850232856,0.900210819,0.847082449,0.868733863,0.89648858,0.895798656,0.829014321
VNQIGTLSESIK,VNQIGTLSESIK,644.86,2561.091209,2,10,644.86,2565.977,2,1.41E+10,8.16E+09,9.58E+09,1.58E+10,1.24E+10,1.61E+10,1.76E+10,1.33E+10,1.23E+10,1.08E+10,119551976.4,80780533.77,135663758.9,105702228.3,139803390.5,88212368.5,102675056.2,102860073.5,88809211.51,69077000.81,Ps6,0.925904281,0.833129381,0.875640228,0.873623907,0.914346714,0.872119153,1,0.945275824,0.925409942,0.857387448,0.930265346,0.889506313,0.932609903,0.902561884,0.908232943,0.899053048,0.921616263,0.931683743,0.940495043,0.874149207
LLTTIADAAK,LLTTIADAAK,508.8,2288.002664,2,10,508.8,2282.314,2,4.92E+09,4.89E+09,8.39E+09,6.18E+09,4.75E+09,5.84E+09,4.73E+09,4.37E+09,4.91E+09,4.43E+09,27156548.32,24932215.41,32038415.96,27009455.09,31715774.02,26144125.42,24446070.84,27503016.8,24537623.76,28032229.34,Ps7,0.937572851,0.816141166,0.891345552,0.901373301,0.927508885,0.880787879,0.945275824,1,0.942034449,0.903168281,0.91246266,0.862092356,0.917551551,0.874549875,0.887824168,0.87139718,0.902481501,0.91250845,0.930747494,0.851010244
TNNPETLVALR,TNNPETLVALR,614.34,2745.555323,2,10,614.34,2741.25,2,5.85E+09,3.60E+09,4.87E+09,7.84E+09,4.55E+09,7.29E+09,4.30E+09,5.09E+09,8.98E+09,8.62E+09,45928975.18,38734492.19,61944036.81,37091827.52,56270381.07,32936979.44,39062855.63,42495124.75,39825813.59,28371884.9,Ps8,0.938637084,0.836621445,0.892112362,0.932268937,0.902324363,0.899929145,0.925409942,0.942034449,1,0.879652584,0.891308089,0.852098343,0.911337079,0.853593622,0.87628455,0.848561757,0.873697499,0.899717288,0.917878639,0.845286704
LSVQDLDLK,LSVQDLDLK,515.79,3115.434273,2,8,515.79,3106.421,2,0,3.54E+09,5.17E+09,6.54E+09,0,6.79E+09,3.61E+09,4.17E+09,4.69E+09,4.05E+09,28833447.11,28164337.73,38167212.6,34305515.88,36747410.85,20565077.56,23919551.64,25529515.99,22933033.41,19381464.53,Ps9,0.88994514,0.78903726,0.830878567,0.864498667,0.866483642,0.759277296,0.857387448,0.903168281,0.879652584,1,0.796650292,0.763350959,0.817266495,0.746845835,0.773008179,0.75211274,0.773910274,0.796195598,0.849287756,0.773083562
TASGNIIPSSTGAAK,TASGNIIPSSTGAAK,687.87,1541.431225,2,10,687.87,1548.542,2,1.50E+10,4.21E+09,5.55E+09,1.45E+10,9.90E+09,1.54E+10,1.08E+10,1.31E+10,1.22E+10,1.02E+10,149400843.3,56642537.47,151505136.4,102052604.3,158284647.4,105460838.6,127697431.8,122425410.7,99971028.82,30103012.35,Pg0,0.91790361,0.813910473,0.835723958,0.838371378,0.890763681,0.888457675,0.930265346,0.91246266,0.891308089,0.796650292,1,0.944119837,0.985351932,0.967515558,0.983276047,0.971796996,0.989170649,0.9862133,0.984498897,0.912870445
QVNVNTVFGLPGDFNLSLLDK,QVNVNTVFGLPGDFNLSLLDK,1145.61,5081.911238,2,10,1145.61,5081.174,2,8.21E+08,1.36E+09,1.58E+09,1.37E+09,1.67E+09,1.80E+09,1.50E+09,7.36E+08,9.65E+08,7.16E+08,20390747.43,39270242.3,34054383.58,42282787.23,45370386.21,38195515.9,18447345.61,24570789.55,18032182.21,34548090.1,Pg1,0.860291999,0.876540458,0.886982828,0.783128127,0.901223356,0.841609018,0.889506313,0.862092356,0.852098343,0.763350959,0.944119837,1,0.932592215,0.984813973,0.943028332,0.940764096,0.941276371,0.945952219,0.933128973,0.98729559
TSIIGTIGPK,TSIIGTIGPK,493.8,2538.593749,2,4,493.8,2545.65,2,5.86E+09,1.03E+10,0,0,5.16E+09,1.14E+10,0,0,0,0,31485904.92,30439468.37,36720597.2,28600197.88,31824661.7,23568712.78,26410068.71,26666872.71,24053688.61,28380534.37,Pg2,0.929706805,0.829047267,0.841900781,0.878298877,0.891692224,0.924145054,0.932609903,0.917551551,0.911337079,0.817266495,0.985351932,0.932592215,1,0.947656281,0.985590107,0.950027299,0.96838166,0.977310249,0.978284687,0.905808688
ELPGVAFLSEK,ELPGVAFLSEK,595.33,4009.184907,2,10,595.33,4002.077,2,5.72E+09,4.81E+09,1.04E+10,6.10E+09,7.04E+09,6.47E+09,4.59E+09,5.40E+09,5.38E+09,4.31E+09,43901104.47,48147766.35,47735539.89,55727794.64,50812366.18,35115347.92,41381137.96,42067339.59,32306143.19,38089659.02,Pg3,0.864224408,0.837313894,0.857126329,0.781139553,0.898589408,0.850232856,0.902561884,0.874549875,0.853593622,0.746845835,0.967515558,0.984813973,0.947656281,1,0.959410209,0.963825149,0.971724286,0.967845694,0.950783099,0.964748914
TPANAAVPASTPLK,TPANAAVPASTPLK,669.38,1711.742358,2,10,669.38,1713.482,2,7.24E+09,3.13E+09,4.23E+09,6.79E+09,5.36E+09,7.50E+09,5.55E+09,6.68E+09,5.80E+09,6.49E+09,69626126.58,40334979.63,64386133.04,50224166.48,70425395.43,51316177.37,62312286.37,52772819.16,59906794.48,29868845.51,Pg4,0.895163907,0.805014316,0.822490069,0.834244307,0.871147427,0.900210819,0.908232943,0.887824168,0.87628455,0.773008179,0.983276047,0.943028332,0.985590107,0.959410209,1,0.97416585,0.977581253,0.984021461,0.974270298,0.921132886
NPVILADACCSR,NPVILADACCSR,688.33,2100.187894,2,10,688.33,2100.929,2,9.45E+09,5.37E+09,4.00E+09,1.96E+10,5.61E+09,6.91E+09,4.97E+09,6.36E+09,8.19E+09,5.67E+09,63594129.97,40026145.09,63340801.35,54964681.75,69681779.1,49049242.73,60901857.6,56038630.82,57158025.67,37157005.58,Pg5,0.869173304,0.789289824,0.811665648,0.784743344,0.864451768,0.847082449,0.899053048,0.87139718,0.848561757,0.75211274,0.971796996,0.940764096,0.950027299,0.963825149,0.97416585,1,0.985757142,0.985435221,0.972588798,0.924321391
VDFNVPLDGK,VDFNVPLDGK,552.29,3017.736709,2,10,552.29,3012.04,2,3.63E+09,2.02E+09,2.97E+09,4.70E+09,5.14E+07,4.46E+09,2.62E+09,2.88E+09,3.30E+09,3.21E+09,22744691.95,18994490.96,29883520.05,23152761.31,28409635.09,16451508.54,18496405.26,20772683.91,20253450.45,13084455.03,Pg6,0.897084608,0.803999324,0.827851921,0.812755098,0.885549195,0.868733863,0.921616263,0.902481501,0.873697499,0.773910274,0.989170649,0.941276371,0.96838166,0.971724286,0.977581253,0.985757142,1,0.991681107,0.983088536,0.916909112
VVDLVEHVAK,VVDLVEHVAK,370.22,1907.978948,3,10,370.22,1904.847,3,5.81E+09,6.29E+09,5.65E+09,7.66E+09,5.74E+09,7.87E+09,3.98E+09,4.30E+09,1.08E+10,5.85E+09,24054305.16,23564186.94,30379841.69,23968447.93,30403989.94,16299189.92,17581533.45,24295313.99,26306898.9,27863841.27,Pg7,0.91351687,0.825916341,0.847888925,0.84132368,0.897322763,0.89648858,0.931683743,0.91250845,0.899717288,0.796195598,0.9862133,0.945952219,0.977310249,0.967845694,0.984021461,0.985435221,0.991681107,1,0.988202118,0.927114938
VIITGAPAAFSPTCTVSHIPGYINYLDELVK,VIITGAPAAFSPTCTVSHIPGYINYLDELVK,1116.25,5070.12389,3,10,1116.25,5069.239,3,1.09E+09,1.17E+09,1.33E+09,1.11E+09,1.28E+09,1.48E+09,9.68E+08,6.40E+08,6.80E+08,5.76E+08,33018328.76,41887936.74,34537235.38,40427442.72,47504846.58,30516106.65,20114841.98,21567069.18,18027750.48,37311604.25,Pg8,0.937537212,0.836410531,0.852776403,0.87398724,0.907029533,0.895798656,0.940495043,0.930747494,0.917878639,0.849287756,0.984498897,0.933128973,0.978284687,0.950783099,0.974270298,0.972588798,0.983088536,0.988202118,1,0.917278941
VYPDVLYTSK,VYPDVLYTSK,592.81,2644.119828,2,9,592.81,2642.311,2,2.21E+09,0,2.00E+09,3.76E+09,2.34E+09,2.64E+09,1.85E+09,2.06E+09,2.07E+09,2.02E+09,17767094.82,15784516.55,17955275.76,18457092.01,20758582.55,14402644.44,16322934.06,16313968,16285920.68,15754943.53,Pg9,0.854124943,0.898513334,0.898528364,0.787023254,0.905266182,0.829014321,0.874149207,0.851010244,0.845286704,0.773083562,0.912870445,0.98729559,0.905808688,0.964748914,0.921132886,0.924321391,0.916909112,0.927114938,0.917278941,1
FASDPGCAFTK,FASDPGCAFTK,600.77,1984.192552,2,10,600.77,1984.021,2,7.93E+09,3.14E+09,3.35E+09,7.83E+09,6.94E+09,4.82E+09,3.53E+09,4.39E+09,3.60E+09,6.71E+09,39264274.41,27790492.24,37376417.81,33468859.57,38391656.67,27536941.75,33373662.75,28837236.21,31600022.81,25179182.24,,,,,,,,,,,,,,,,,,,,,
LTSLNVVAGSDLR,LTSLNVVAGSDLR,672.88,2981.787337,2,10,672.88,2978.292,2,3.61E+09,3.47E+09,5.94E+09,4.25E+09,7.48E+09,6.39E+09,3.12E+09,5.51E+09,3.87E+09,5.01E+09,36509826.23,38912291.32,42951812.34,50145142.08,42414052.52,33034401.84,37566629.07,38043017.6,34403180.06,34952099.94,,,,,,,,,,,,,,,,,,,,,
DAGTIAGLNVLR,DAGTIAGLNVLR,600.34,3514.720913,2,8,600.34,3510.918,2,2.91E+09,2.91E+09,3.12E+09,3.05E+09,6.06E+09,0,3.85E+09,0,2.51E+09,2.37E+09,21644771.21,23223839.53,22880909.76,26295116.3,22328766.37,17753726.89,20561283.78,18718287.6,18408225.19,21754803.99,,,,,,,,,,,,,,,,,,,,,
DAGAISGLNVLR,DAGAISGLNVLR,593.33,3349.177472,2,10,593.33,3344.994,2,2.20E+09,1.91E+09,2.01E+09,2.30E+09,2.76E+09,2.47E+09,1.68E+09,1.87E+09,2.01E+09,1.68E+09,19947999.44,18618245.41,21268891.21,25791577.23,22477178.67,15716895.16,17276017.03,18420205.77,15496926.75,17617909.23,,,,,,,,,,,,,,,,,,,,,
IVAALPTIK,IVAALPTIK,463.31,2874.083988,2,10,463.31,2868.693,2,5.62E+09,6.10E+09,6.39E+09,7.96E+09,5.63E+09,5.90E+09,4.57E+09,5.36E+09,4.87E+09,5.33E+09,26237978.35,30489412.66,38026018.33,25955232.52,28243122.2,20971550.79,24600445.09,22710734.24,24266233.93,28942959.07,,,,,,,,,,,,,,,,,,,,,
LEVPGYVDIVK,LEVPGYVDIVK,616.35,3668.143508,2,10,616.35,3663.668,2,2.00E+09,1.76E+09,1.83E+09,1.89E+09,2.41E+09,3.77E+09,2.46E+09,1.63E+09,1.61E+09,1.57E+09,16153538.65,14833241.51,15378707.23,19774226.24,18244707.7,12067527.93,13148245.91,13403163.89,12452179.74,14641547.23,,,,,,,,,,,,,,,,,,,,,
VETGVIKPGMVVTFAPAGVTTEVK,VETGVIKPGMVVTFAPAGVTTEVK,810.78,3921.17527,3,10,810.78,3911.883,3,5.23E+09,3.91E+09,4.73E+09,4.31E+09,6.14E+09,5.54E+09,4.52E+09,4.85E+09,3.91E+09,3.30E+09,80495375.75,74933867.31,67709283.29,97867903.68,87432610.71,71961996,75786713.58,60632623.19,51122086.68,61280720.96,,,,,,,,,,,,,,,,,,,,,
LIDLTQFPAFVTPMGK,LIDLTQFPAFVTPMGK,889.48,5074.235953,2,10,889.48,5065.975,2,7.83E+08,6.37E+08,7.29E+08,6.18E+07,7.90E+08,9.70E+08,8.15E+08,4.36E+07,5.87E+08,3.57E+07,14527961.1,13793202.49,12546938.06,14990073.13,18404287.28,15512549.75,11583344.34,10910617.65,10541033.96,12337995.05,,,,,,,,,,,,,,,,,,,,,
VLENTEIGDSIFDK,VLENTEIGDSIFDK,790.4,3577.159501,2,10,790.4,3571.163,2,4.10E+09,2.31E+09,2.93E+09,4.22E+09,3.73E+09,5.66E+09,2.78E+09,3.61E+09,3.21E+09,2.76E+09,50838903.43,37065385.6,52566132.47,48059119.09,69233741.3,35110043.72,44785312.93,39980635.01,34248344.27,28967918.1,,,,,,,,,,,,,,,,,,,,,
LNQLLR,LNQLLR,378.74,1607.972303,2,10,378.74,1613.527,2,4.60E+09,592647,4.12E+09,5.06E+09,1.12E+10,4.91E+09,3.43E+09,9.42E+09,4.25E+09,1.16E+10,16285076.69,15089752.02,17560822.99,15242787.6,16523523.79,12052797.29,12288126.15,14192690.07,15595311.22,15442291.62,,,,,,,,,,,,,,,,,,,,,
TANDVLTIR,TANDVLTIR,501.78,2183.724201,2,9,501.78,2182.143,2,3.08E+09,1.77E+09,1.68E+09,4.63E+09,1.88E+09,4.19E+09,1.61E+09,2.11E+09,0,2.91E+09,16094530.01,8912687.792,24598176.19,10146340.97,22387745.05,8355567.433,11000531.67,13398254.05,15747246.65,9365607.802,,,,,,,,,,,,,,,,,,,,,
GVNLPGTDVDLPALSEK,GVNLPGTDVDLPALSEK,862.96,4016.307067,2,10,862.96,4007.961,2,7.27E+09,5.21E+09,5.11E+09,6.22E+09,7.04E+09,8.32E+09,7.84E+09,6.64E+09,6.52E+09,4.81E+09,104752540.3,76597888.57,93611639.62,106383178.5,120832097.7,92648659.52,97039390.71,78059205.06,68671045.75,57589286,,,,,,,,,,,,,,,,,,,,,
CCSDVFNQVVK,CCSDVFNQVVK,678.31,2652.052577,2,10,678.31,2648.217,2,4.36E+09,1.70E+09,2.21E+09,3.10E+09,3.83E+09,3.16E+09,2.43E+09,2.75E+09,2.55E+09,2.35E+09,29311466.74,21484717.63,32584411.02,25971394.51,32929192.59,23133269.67,26880089.46,25521670.67,23171633.76,16974214.75,,,,,,,,,,,,,,,,,,,,,
LTGMAFR,LTGMAFR,398.21,2076.911455,2,9,398.21,2081.398,2,2.53E+09,3.63E+09,3.55E+09,2.62E+09,2.31E+09,2.87E+09,0,1.99E+09,2.15E+09,2.40E+09,9448374.216,12830094.31,11351111.67,8339201.971,10589322.75,6913989.034,7184810.261,7925042.537,9258195.127,13581490.24,,,,,,,,,,,,,,,,,,,,,
HIIVDGK,HIIVDGK,391.23,707.2550995,2,10,391.23,712.164,2,2.01E+07,3.44E+09,2.36E+07,2.16E+09,1.50E+09,2525770,2.91E+09,8.32E+08,2.17E+07,1.07E+09,10641990.68,12113660.29,9456764.134,6858230.677,16523045.54,6842815.105,4183179.369,8577888.03,5667896.033,7963606.46,,,,,,,,,,,,,,,,,,,,,
HIIVDGK,HIIVDGK,391.23,702.4896426,2,9,391.23,712.164,2,1.73E+09,1.84E+07,2.05E+09,6531210,1.50E+07,0,1.50E+07,9256020,1.81E+09,1.26E+07,10641990.68,12113660.29,9456764.134,6858230.677,16523045.54,6842815.105,4183179.369,8577888.03,5667896.033,7963606.46,,,,,,,,,,,,,,,,,,,,,
TIAETLAEELINAAK,TIAETLAEELINAAK,529.63,5082.969597,3,10,529.63,5084.374,3,4.86E+08,765566,5.50E+08,5.11E+08,5.53E+08,4.89E+08,1.03E+07,2.31E+08,3.57E+08,2.80E+08,4378017.621,5028789.969,4651095.251,5122215.391,4520287.581,3212658.886,2107818.402,3226852.706,2553086.23,3604007.275,,,,,,,,,,,,,,,,,,,,,
LPLSVINVSAQR,LPLSVINVSAQR,648.89,3291.459014,2,10,648.89,3284.25,2,1.82E+09,1.99E+09,1.95E+09,1.88E+09,2.80E+09,2.07E+09,2.37E+09,1.75E+09,1.78E+09,1.62E+09,15324093.04,16404781.67,16060003.65,24240187.59,18099487.06,12779219.65,15001090.22,15406000.62,13655462.76,17179912.64,,,,,,,,,,,,,,,,,,,,,
SIVPSGASTGVHEALEMR,SIVPSGASTGVHEALEMR,614.31,3101.34618,3,8,614.31,3096.092,3,3.36E+09,3.16E+09,0,4.15E+09,4.36E+09,4.34E+09,3.03E+09,0,3.17E+09,2.70E+09,41077678.22,52628973.72,50552905.14,54025073.98,54450180.18,34921623.89,36803331.97,38320069.24,30569322.19,37861641.88,,,,,,,,,,,,,,,,,,,,,
GVMNAVNNVNNVIAAAFVK,GVMNAVNNVNNVIAAAFVK,973.02,5059.501435,2,10,973.02,5058.276,2,6.32E+08,7.13E+08,1.03E+09,5.85E+08,8.66E+08,1.03E+09,6.83E+08,3.89E+08,5.15E+08,3.44E+08,13127308.54,21545154.46,12199288.97,17839504.49,21507061.11,14394222.95,8244506.609,10721066.84,7389251.206,15032457.04,,,,,,,,,,,,,,,,,,,,,
MPQTVEWSK,MPQTVEWSK,553.27,2078.70703,2,10,553.27,2080.241,2,1.99E+09,1.18E+09,1.72E+09,2.16E+09,1.21E+09,2.40E+09,9.72E+08,1.60E+09,1.12E+09,1.50E+09,14801518.5,12026674.46,15862984.41,9114238.74,16967457.69,7408519.279,11943880.98,8561958.636,11345532.98,8881332.359,,,,,,,,,,,,,,,,,,,,,
IGSEVYHNLK,IGSEVYHNLK,387.21,1376.421839,3,10,387.21,1373.71,3,4.31E+09,5.13E+09,5.45E+09,4.82E+09,4.20E+09,5.37E+09,3.19E+09,3.27E+09,4.11E+09,2.94E+09,22766497.11,27077541.14,21843907.45,20384968.99,26285639.5,15564923.88,14371812.38,20227583.66,13658232.78,25314723.46,,,,,,,,,,,,,,,,,,,,,
AGAGHSNTLQVSTV,AGAGHSNTLQVSTV,671.34,1779.583596,2,10,671.34,1783.599,2,3.49E+09,8.96E+08,1.61E+09,3.90E+09,1.89E+09,4.41E+09,2.05E+09,2.85E+09,2.65E+09,3.07E+09,33847268.35,15271979.11,37402687.05,17820324.53,40252931.72,18551973.68,25504203.95,24839325.5,28099730.49,8513433.565,,,,,,,,,,,,,,,,,,,,,
EAAAEYAQLLAK,EAAAEYAQLLAK,639.34,3031.072428,2,10,639.34,3028.293,2,1.49E+09,8.73E+08,1.18E+09,1.64E+09,1.55E+09,2.93E+09,9.79E+08,1.16E+09,1.13E+09,1.18E+09,14099346.12,11511904.74,15540124.07,15023457.3,17492329.51,9434349.98,11218360.17,10936993.04,11277369.54,8525368.79,,,,,,,,,,,,,,,,,,,,,
IFASNEVIAK,IFASNEVIAK,546.31,2123.756716,2,10,546.31,2127.265,2,1.63E+09,1778010,1.20E+09,1.79E+09,1.47E+09,1.78E+09,1.25E+09,1.30E+09,1.22E+09,1.63E+09,10102125.58,7276559.754,11232725.45,9076957.647,11582919.87,7329892.767,7902737.898,8046396.267,9888015.582,8088991.333,,,,,,,,,,,,,,,,,,,,,
IENQQGVNNFDEILK,IENQQGVNNFDEILK,880.95,3466.278957,2,10,880.95,3460.235,2,3.43E+09,1.81E+09,2.29E+09,3.24E+09,3.22E+09,5.52E+09,2.99E+09,3.08E+09,3.47E+09,2.36E+09,51434522.68,34337444.81,48888511.21,49844366.25,66869787.62,36439581.18,45905079.88,43383162.37,34213146.94,27791721.75,,,,,,,,,,,,,,,,,,,,,
VVDLVEHVAK,VVDLVEHVAK,554.82,1907.881461,2,10,554.82,1901.637,2,3.87E+09,7.62E+09,3.49E+09,8.90E+09,3.65E+09,5.12E+09,2.39E+09,2.66E+09,3.58E+09,7.01E+09,25860430.77,23473883.99,32007213.04,24728294.3,32044335.93,15716225.08,17530252.45,23230141.31,28259496.76,30156604.25,,,,,,,,,,,,,,,,,,,,,
QTVAVGVIK,QTVAVGVIK,457.79,1774.922836,2,10,457.79,1778.86,2,2.30E+09,9.48E+08,1.38E+09,2.81E+09,1.56E+09,2.04E+09,1.35E+09,1.67E+09,1.85E+09,2.28E+09,11012481.77,6985029.371,13653762.22,7557643.21,9848203.308,6740333.389,7826199.612,9263472.497,11821329.96,4864645.624,,,,,,,,,,,,,,,,,,,,,
LSSESVIEQIVK,LSSESVIEQIVK,666.38,3888.133376,2,10,666.38,3878.927,2,2.06E+09,1.39E+09,1.75E+09,1.80E+09,2.10E+09,2.15E+09,1.43E+09,1.58E+09,1.52E+09,1.39E+09,19261422.45,16079429.54,16712079.76,19771624.4,20623807.98,13071479.02,14512800.07,14137409.48,12598529.01,13071587.58,,,,,,,,,,,,,,,,,,,,,
GNPTVEVELTTEK,GNPTVEVELTTEK,708.87,2342.032745,2,10,708.87,2334.745,2,3.47E+09,2.54E+09,1.88E+09,5.48E+09,9.69E+08,6.65E+09,8.31E+08,1.61E+09,1.76E+09,9.45E+08,26337014.3,20868609.23,56519722.83,11262219.72,66784897.55,7638813.507,13800429.52,13340936.88,10940476.57,18176777.39,,,,,,,,,,,,,,,,,,,,,
FTPGSFTNYITR,FTPGSFTNYITR,702.35,3650.388856,2,10,702.35,3646.564,2,1.49E+09,1.82E+09,1.80E+09,1.49E+09,1.92E+09,1.88E+09,1.15E+09,1.07E+09,1.04E+09,9.74E+08,15371228.41,18936950.12,15178117.12,19869591.66,19489483.57,11711704.6,10850414.65,10536486.03,9885791.325,18818420.27,,,,,,,,,,,,,,,,,,,,,
INELLSSLEGK,INELLSSLEGK,601.84,3596.372827,],10,601.84,3589.784,2,2.09E+09,1.69E+09,1.99E+09,2.29E+09,2.45E+09,2.86E+09,1.50E+09,1.55E+09,1.86E+09,1.54E+09,16129178.2,15117360.26,17177856.5,18385943.72,21519063.49,11323458.72,11907576.6,14199199.62,11663530.36,13180504.65,,,,,,,,,,,,,,,,,,,,,
GVEQILK,GVEQILK,393.74,2062.8108,2,10,393.74,2065.08,2,2.75E+09,1.61E+09,1.70E+09,3.49E+09,8.97E+07,3.42E+09,1.65E+09,1.85E+09,2.40E+09,2.57E+09,9371851.203,5971768.366,12215231.98,6610753.573,12050268.93,5516808.964,6414710.687,8274972.068,9229355.097,5752781.315,,,,,,,,,,,,,,,,,,,,,
YAWVLDK,YAWVLDK,447.74,3015.424447,2,6,447.74,3013.228,2,1.80E+09,6.41E+09,4081490,2.51E+09,0,0,0,1.34E+09,0,1.59E+09,8195618.102,17039733.22,11816277.75,14646440.68,11951002.76,7276595.762,6143560.399,8923225.457,7288715.694,13119304.77,,,,,,,,,,,,,,,,,,,,,
EALDFFAR,EALDFFAR,484.75,3678.44973,2,10,484.75,3672.993,2,1.73E+09,2.69E+09,3.04E+09,2.15E+09,2.76E+09,2.38E+09,1.38E+09,1.27E+09,3.97E+09,1.28E+09,9280401.952,16071312.15,11451492.43,14837563.16,12991802.39,7326971.873,6762607.543,10144599.72,6807828.503,14084490.04,,,,,,,,,,,,,,,,,,,,,
VVVPQALR,VVVPQALR,441.28,2084.304211,2,10,441.28,2086.201,2,1.27E+09,1.21E+09,1.09E+09,1.20E+09,1.04E+09,1.31E+09,8.71E+08,8.89E+08,8.70E+08,1.25E+09,5644673.402,4695333.125,5294187.937,4464968.712,5717361.296,4040616.761,4024500.97,4077676.762,5998418.709,5613688.884,,,,,,,,,,,,,,,,,,,,,
VSSVLSALEGK,VSSVLSALEGK,545.31,3457.671651,2,10,545.31,3461.415,2,1.81E+09,3707680,1.98E+09,1.41E+09,3.90E+09,2.14E+09,2.32E+09,1.25E+09,1.61E+09,1.50E+09,11406153.77,12786286.55,8939019.391,13420240.79,13517605.87,7828280.626,7949715.809,10271086.93,9308129.824,11094035.97,,,,,,,,,,,,,,,,,,,,,
INFGIEK,INFGIEK,410.73,2374.548386,2,9,410.73,2368.998,2,2.38E+09,0,2.43E+09,3.03E+09,2.18E+09,3.16E+09,1.87E+09,2.02E+09,2.27E+09,1.95E+09,9379878.557,9405451.93,11802454.97,8595972.436,12289193.46,6901887.347,7577995.451,8717164.639,7494567.044,8641241.322,,,,,,,,,,,,,,,,,,,,,
LAPELNQAIWK,LAPELNQAIWK,641.86,3472.432309,2,10,641.86,3468.489,2,1.82E+09,2.03E+09,2.01E+09,1.88E+09,2.56E+09,2.10E+09,1.52E+09,1.52E+09,1.61E+09,1.58E+09,15276997.6,16757893.48,16237429.26,21838406.26,18395402.01,12634800.74,12941867.76,13882203.36,13324811.29,17307112.4,,,,,,,,,,,,,,,,,,,,,
YIDLEAPVQIVK,YIDLEAPVQIVK,694.4,3885.308389,2,10,694.4,3876.623,2,1.84E+09,1.28E+09,1.45E+09,1.72E+09,1.96E+09,1.92E+09,1.34E+09,1.58E+09,1.38E+09,1.33E+09,18152345.31,14444001.69,16645850.1,19956820,19378566.24,13326957.65,15494874.34,13763637.58,12875229.47,13099767.5,,,,,,,,,,,,,,,,,,,,,
LLSDFFDGK,LLSDFFDGK,521.27,3904.112085,2,9,521.27,3901.219,2,1.87E+09,1.77E+09,2.16E+09,1.82E+09,2.14E+09,2.07E+09,1337240,5.52E+07,1.44E+09,0,11106743.32,12391894.33,10541550.42,12471471.66,12250485.37,7515376.124,7482226.058,8502957.046,6831342.378,10197330.96,,,,,,,,,,,,,,,,,,,,,
NQLESIAYSLK,NQLESIAYSLK,633.34,3492.145736,2,10,633.34,3489.708,2,2.21E+09,2.42E+09,2.73E+09,2.41E+09,2.79E+09,2.45E+09,1.73E+09,1.94E+09,2.21E+09,1.73E+09,17128346.09,21213847.69,18885667.06,22131995.84,20372132.14,13740394.29,15746614,17142660.45,14161299.15,19207228.77,,,,,,,,,,,,,,,,,,,,,
NFGIGQAVQPK,NFGIGQAVQPK,579.82,2269.041346,2,10,579.82,2267.051,2,1.89E+09,2.42E+09,1.83E+09,1.84E+09,1.75E+09,2.02E+09,2.43E+09,1.60E+09,1.40E+09,1.51E+09,13635863.81,13466400.67,13435879.8,12675554.25,15238698.09,10186805.08,11483925.53,10044868.53,10687372.21,10896870.22,,,,,,,,,,,,,,,,,,,,,
WLTGVELADMYHSLMK,WLTGVELADMYHSLMK,631.98,5066.679343,3,10,631.98,5064.891,3,5.25E+08,1.40E+08,1.52E+08,5223070,1.79E+08,2.27E+08,5.38E+08,5.86E+08,3.19E+08,5.43E+08,6904607.94,2045218.782,9315334.768,2406419.467,3083483.381,7355756.162,7863541.769,4183955.185,7321054.582,1891855.383,,,,,,,,,,,,,,,,,,,,,
YGGVYVGTLSKPEVK,YGGVYVGTLSKPEVK,532.96,2411.294077,3,9,532.96,2404.88,3,1.77E+09,3.28E+09,3.19E+09,1.96E+09,2.69E+09,2.51E+09,0,1.61E+09,1.93E+09,1.38E+09,15076511.54,26964747.67,15803076.4,21744610.88,20212948.61,11873098.3,13607660.22,15956441.15,11419216.7,27186000.52,,,,,,,,,,,,,,,,,,,,,
AADALLLK,AADALLLK,407.76,2322.191422,2,10,407.76,2317.544,2,7.30E+09,1.67E+09,1.91E+09,4.76E+09,2.47E+09,4.37E+09,1.84E+09,2.15E+09,2.85E+09,2.46E+09,12119920.15,7294599.08,19425505.32,9743186.886,17509038.97,7141569.488,8257396.169,11505983.69,9254774.24,6965197.427,,,,,,,,,,,,,,,,,,,,,
LLDAPAAIR,LLDAPAAIR,470.29,2311.802642,2,10,470.29,2309.527,2,1.44E+09,1.28E+09,1.20E+09,1.68E+09,1.33E+09,1.65E+09,1.13E+09,1.28E+09,1.26E+09,1.15E+09,7137838.204,5879748.959,8485305.047,6282135.436,8048767.704,5355868.498,6173618.703,6331996.507,5613480.094,6394772.327,,,,,,,,,,,,,,,,,,,,,
IINSSEIQSAIRPAGQATQK,IINSSEIQSAIRPAGQATQK,704.72,2677.207753,3,10,704.72,2670.955,3,2.63E+09,2.15E+09,2.32E+09,2.19E+09,2.90E+09,3.29E+09,2.20E+09,2.61E+09,1.95E+09,2.14E+09,34118039.77,28996742.49,29290928.37,37196696.38,42480196.41,28978142.65,32475949.06,25112400.38,27670862.28,27746623,,,,,,,,,,,,,,,,,,,,,
EVIDTILALVK,EVIDTILALVK,607.37,5084.37354,2,9,607.37,5082.234,2,2.42E+08,0,5.82E+08,2.34E+08,4.03E+08,3.84E+08,2.50E+08,1.51E+08,3.21E+08,4781960,2177390.806,5167860.073,2004062.712,3609537.008,3401734.13,2184531.292,1364841.681,2864036.566,1713048.53,4097878.868,,,,,,,,,,,,,,,,,,,,,
YSLAPVAK,YSLAPVAK,424.75,1703.14728,2,9,424.75,1707.419,2,3.13E+09,1.66E+09,2.33E+09,8.10E+09,2.47E+09,3.26E+09,2.24E+09,6.13E+09,5.81E+09,0,13563403.68,10086695.64,14889192.18,10428823.43,12954677.91,9443578.402,11190150.95,10829673.31,13296788.51,7220964.821,,,,,,,,,,,,,,,,,,,,,
TTPSFVGFTDTER,TTPSFVGFTDTER,729.35,3166.223582,2,10,729.35,3162.773,2,1.47E+09,1.05E+09,1.34E+09,1.47E+09,1.87E+09,1.66E+09,1.74E+09,1.47E+09,1.94E+09,1.13E+09,16061045.26,14295790.85,16229770.27,20314146.64,18336973.16,13534157.44,16483404.65,15057090.95,12487791.28,11418213.81,,,,,,,,,,,,,,,,,,,,,
KPQVTVGAQNAYLK,KPQVTVGAQNAYLK,506.29,1801.02329,3,10,506.29,1801.992,3,2.61E+09,3.47E+09,3.15E+09,2.44E+09,2.90E+09,2.73E+09,2.06E+09,2.61E+09,2.27E+09,2.63E+09,19862444.27,25962183.57,18723335.88,22429317.89,21770730.77,16083843.64,19863802.06,17873767.94,20097204.9,28013964.01,,,,,,,,,,,,,,,,,,,,,
AGLNIVR,AGLNIVR,371.73,1770.77757,2,10,371.73,1772.794,2,1.37E+09,1.38E+09,1.37E+09,1.47E+09,1.30E+09,1.49E+09,1.12E+09,1.11E+09,1.31E+09,1.61E+09,4660820.43,4399294.782,5044445.654,4428744.415,4865639.304,3857183.603,3562606.033,4574814.579,5685205.01,4571314.876,,,,,,,,,,,,,,,,,,,,,
IINEPTAAAIAYGLDKK,IINEPTAAAIAYGLDKK,596.67,3340.190432,3,10,596.67,3334.528,3,1.79E+09,2.20E+09,2.60E+09,2.31E+09,2.57E+09,2.08E+09,1.30E+09,1.57E+09,1.65E+09,1.44E+09,18861063.67,22607120.73,20709298.19,27870740.42,22598350.36,14241755.34,17483090.89,18410221.44,13097788.45,23666174.68,,,,,,,,,,,,,,,,,,,,,
LVEGLANDPENKVPLIK,LVEGLANDPENKVPLIK,617.02,3053.142241,3,10,617.02,3047.959,3,1.80E+09,1.37E+09,1.56E+09,2.00E+09,2.43E+09,2.12E+09,1.49E+09,1.73E+09,1.45E+09,1.58E+09,20589470.22,18584006,23044294.53,28028820,25238690.29,15710826.6,18872322.09,16808297.19,16955133.66,16000789.96,,,,,,,,,,,,,,,,,,,,,
STLTDSLVQR,STLTDSLVQR,560.3,2199.365153,2,10,560.3,2199.019,2,2.07E+09,1.13E+09,1.39E+09,2.16E+09,1.58E+09,2.00E+09,2.35E+09,1.65E+09,1.57E+09,3.24E+09,14236837.1,9503025.714,14561215.35,10795588.45,14003569.34,8435825.273,10696404.82,10261468.71,12041282.06,7781098.276,,,,,,,,,,,,,,,,,,,,,
ANELLINVK,ANELLINVK,507.3,2765.204334,2,9,507.3,2769.006,2,1.48E+09,1.29E+09,1.76E+09,2.09E+09,1.73E+09,1.75E+09,1.08E+09,0,1.78E+09,1.40E+09,8963940.163,10518863.86,13104898.11,10638304.14,11134758.28,6396209.231,7820217.807,10805620.96,8588733.922,8123268.245,,,,,,,,,,,,,,,,,,,,,
LAASVVGVGK,LAASVVGVGK,450.78,1630.501567,2,10,450.78,1631.245,2,1.03E+09,5.70E+08,6.01E+08,1.07E+09,8.55E+08,9.93E+08,1.68E+09,8.08E+08,1.70E+09,1.13E+09,4652607.704,2802546.418,4720962.963,4061426.802,4545444.582,3390920.466,3579072.086,3643755.207,5126322.744,2708085.944,,,,,,,,,,,,,,,,,,,,,
ETNPGTDVTVSSVESVLAHL,ETNPGTDVTVSSVESVLAHL,685.68,5090.282655,3,10,685.68,5089.73,3,4.71E+08,2.52E+08,4.53E+08,4.07E+08,4.79E+08,4.16E+08,3.91E+08,3.18E+08,3.12E+08,2.42E+08,6852908.46,6814918.242,6139237.056,7100753.071,6170531.942,6071677.463,4643050.002,4591926.888,3516651.781,3781657.723,,,,,,,,,,,,,,,,,,,,,
VLLSAPLSK,VLLSAPLSK,464.3,2469.086989,2,9,464.3,2460.603,2,1.38E+09,1.29E+09,0,1.67E+09,2.76E+09,1.44E+09,2.17E+09,1.09E+09,1.01E+09,1.09E+09,6480028.852,6363255.091,7644502.842,6348558.43,6675425.345,4899309.038,5134782.371,4568626.562,5191355.898,6264763.161,,,,,,,,,,,,,,,,,,,,,
IVPAEDGSGAGAAVIAALAQK,IVPAEDGSGAGAAVIAALAQK,637.02,4147.372792,3,10,637.02,4140.558,3,1.01E+09,8.97E+08,1.17E+09,1.06E+09,1.46E+09,1.14E+09,7.38E+08,9.22E+08,9.63E+08,7.28E+08,12121027.77,14186698.33,12575522.9,17971202.37,13946846.48,9092065.988,11061477.43,11496667.15,8629398.303,11060047.97,,,,,,,,,,,,,,,,,,,,,
IGDYAGIK,IGDYAGIK,418.73,1531.17972,2,10,418.73,1532.374,2,1.75E+09,1.13E+09,8.93E+08,7.22E+09,1.47E+09,2.77E+09,1.18E+09,1.20E+09,1.90E+09,1.37E+09,8019134.898,4176569.727,14204005.63,6902255.354,12442071.73,5339090.798,5614754.012,8408276.505,6373605.996,5359448.249,,,,,,,,,,,,,,,,,,,,,
SLETFR,SLETFR,376.7,1530.298452,2,10,376.7,1532.374,2,1.15E+09,1.12E+09,2.32E+09,2.33E+09,7.41E+08,2.14E+09,5.86E+08,7.19E+08,1.02E+09,7.80E+08,4295884.38,3433020.357,8603763.317,2840379.353,7345561.954,2117406.449,2626661.847,3745129.554,2926526.456,4005836.856,,,,,,,,,,,,,,,,,,,,,
IGIQPPK,SLETFR,376.7,1525.358232,2,1,376.7,1532.374,2,0,0,0,0,0,0,387559,0,0,0,4295884.38,3433020.357,8603763.317,2840379.353,7345561.954,2117406.449,2626661.847,3745129.554,2926526.456,4005836.856,,,,,,,,,,,,,,,,,,,,,
NLFTVEDAIK,NLFTVEDAIK,575.31,3665.172662,2,10,575.31,3660.189,2,9.93E+08,9.09E+08,1.21E+09,1.16E+09,1.17E+09,1.22E+09,1.20E+09,7.52E+08,8.87E+08,7.11E+08,7045140.156,8472207.607,8280012.577,8316451.241,8762979.558,4907893.707,5320018.092,6423562.688,4863226.606,6507476.831,,,,,,,,,,,,,,,,,,,,,
SSNITISNAVGR,SSNITISNAVGR,609.83,1864.590676,2,10,609.83,1862.923,2,3.19E+09,8.30E+08,2.13E+09,1.63E+09,1.48E+09,2.80E+09,1.29E+09,1.55E+09,2.28E+09,2.87E+09,14904360.91,9403209.866,14051246.46,11324226.03,14869908.88,10052076.61,11618520.09,10730122.89,13904099.42,7113697.221,,,,,,,,,,,,,,,,,,,,,
ASAPGSVILLENLR,ASAPGSVILLENLR,720.42,4091.232255,2,10,720.42,4086.702,2,1.93E+09,2.83E+09,3.32E+09,1.84E+09,3.62E+09,2.59E+09,1.78E+09,1.80E+09,2.14E+09,2.04E+09,21637083.2,31987482.47,20697054.49,36245841.59,26775865.11,18876126.18,18456760.87,22523394.26,14579417.32,27452954.2,,,,,,,,,,,,,,,,,,,,,
VFSGNRPTTSILAQK,VFSGNRPTTSILAQK,540.3,2064.341865,3,9,540.3,2068.616,3,0,1.50E+09,1.48E+09,1.11E+09,1.02E+09,1.14E+09,7.33E+08,7.39E+08,7.99E+08,8.89E+08,9425444.192,12491502.53,9345815.769,8616788.265,10218254.47,6333965.103,6593705.091,6955333.467,7657418.659,12911348.81,,,,,,,,,,,,,,,,,,,,,
KLFAATVAK,KLFAATVAK,474.8,1460.914878,2,10,474.8,1462.359,2,3.11E+09,2.80E+09,4.55E+09,3.71E+09,3.33E+09,1.94E+09,1.10E+09,1.04E+09,2.82E+09,9.26E+08,7946511.69,12345683.6,9088175.729,8963917.649,1406793.746,5622155.544,5334823.067,7143420.821,5283176.242,15549590.64,,,,,,,,,,,,,,,,,,,,,
LLNTNVDGNIK,LLNTNVDGNIK,600.83,1971.448768,2,10,600.83,1970.909,2,1.08E+09,4.39E+08,5.83E+08,1.29E+09,9.13E+08,1.39E+09,8.41E+08,8.10E+08,9.38E+08,1.06E+09,8571475.428,4655331.355,9813770.803,7123848.182,10329730.05,6239584.239,6338340.339,7051807.961,8357124.699,3328627.776,,,,,,,,,,,,,,,,,,,,,
IFTVPTETLQAVTK,IFTVPTETLQAVTK,774.44,3847.676779,2,10,774.44,3841.051,2,1.68E+09,1.27E+09,1.50E+09,1.54E+09,1.80E+09,1.80E+09,1.44E+09,2.25E+09,1.32E+09,1.19E+09,20923408.57,19036448.08,18583752.49,22749175.31,22231807.59,17388032.36,20250343.46,16446017.93,14357982.84,16032792.26,,,,,,,,,,,,,,,,,,,,,
VLVQDLLHPTAASEAR,VLVQDLLHPTAASEAR,573.99,3311.048408,3,10,573.99,3308.9,3,2.05E+09,2.16E+09,2.44E+09,2.18E+09,2.93E+09,2.67E+09,1.69E+09,1.62E+09,2.04E+09,1.55E+09,20240477.73,23563610.78,21119319.22,28609453.4,26248786.56,16222349.43,15777183.25,19996333.93,14812401.57,21149757.18,,,,,,,,,,,,,,,,,,,,,
TGVIVGEDVHNLFTYAK,TGVIVGEDVHNLFTYAK,621.66,4002.044325,3,10,621.66,3993.974,3,7.06E+08,1.19E+09,1.19E+09,8.35E+08,1.26E+09,1.02E+09,8.71E+08,6.56E+08,9.54E+08,6.32E+08,10848784.43,17875862.83,13112918.42,19591014.87,15394734.4,13230673.41,10201113.78,14772961.77,9504698.382,17714232.04,,,,,,,,,,,,,,,,,,,,,
ILTGTVVSTK,ILTGTVVSTK,509.81,1667.217607,2,10,509.81,1664.447,2,1.49E+09,8.31E+08,9.70E+08,1.51E+09,1.31E+09,1.40E+09,1.10E+09,1.20E+09,1.15E+09,1.51E+09,8333983.28,5517440.031,8513901.161,7475584.385,8367617.133,6107716.08,6925135.031,6810845.475,8840800.172,4810580.572,,,,,,,,,,,,,,,,,,,,,
TSAVAALTEVR,TSAVAALTEVR,559.31,2642.85429,2,10,559.31,2642.311,2,1.23E+09,7.53E+08,9.68E+08,1.49E+09,9.41E+08,1.62E+09,7.98E+08,9.13E+08,9.33E+08,1.06E+09,8796871.389,6792866.93,10612610.73,6526405.721,11325363.59,5577564.064,6492662.549,6537033.526,7721563.813,5349778.663,,,,,,,,,,,,,,,,,,,,,
LYNDIVPK,LYNDIVPK,481.27,2129.425419,2,10,481.27,2130.82,2,1.95E+09,1.37E+09,6986170,2.10E+09,1.73E+09,2.05E+09,1.44E+09,1.65E+09,1.75E+09,3.88E+09,9768982.718,6642664.304,10856820.4,8718572.81,10717444.83,7155092.59,8214291.28,9056690.716,9558425.34,7371517.047,,,,,,,,,,,,,,,,,,,,,
SIAPAYGIPVVLHSDHCAK,SIAPAYGIPVVLHSDHCAK,679.02,3036.255142,3,10,679.02,3035.124,3,1.71E+09,2.75E+09,3.31E+09,1.85E+09,2.82E+09,2.57E+09,1.54E+09,1.51E+09,1.88E+09,1.26E+09,23755107.01,43020968.4,25441626.03,37651952.34,34763259.38,21271165.03,21389648.61,24971482.32,17700643.13,35064473.76,,,,,,,,,,,,,,,,,,,,,
IINEPTAAAIAYGLGAGK,IINEPTAAAIAYGLGAGK,865.48,3914.012972,2,10,865.48,3907.054,2,1.89E+09,1.38E+09,1.62E+09,1.57E+09,2.23E+09,2.05E+09,1.47E+09,1.65E+09,1.29E+09,1.14E+09,29175082.78,24512036.86,24136992.13,33824747.92,30953008.95,22474350.69,25023070.68,18785374.34,17113748.42,20564369.12,,,,,,,,,,,,,,,,,,,,,
AIQTANIALEK,AIQTANIALEK,586.34,2097.331691,2,10,586.34,2097.263,2,3.11E+09,1.12E+09,1.44E+09,3.79E+09,2.37E+09,3.40E+09,1.82E+09,2.34E+09,2.48E+09,2.72E+09,20647191.91,9962766.942,26264943.3,15738520.46,26269524.59,12304561.56,15235617.45,16940317.7,18712002.55,8036167.32,,,,,,,,,,,,,,,,,,,,,
GFLSDLPDFEK,GFLSDLPDFEK,634.31,4481.875344,2,9,634.31,4473.748,2,1.26E+09,1.23E+09,1.44E+09,1.23E+09,1.43E+09,1.89E+09,1.00E+09,0,1.05E+09,1.32E+09,10030671.12,11334754.88,9758384.296,11404123.38,14967884.53,7847508.762,5991397.365,8203240.78,6407142.982,9780613.459,,,,,,,,,,,,,,,,,,,,,
LWIPVNR,LWIPVNR,449.27,3053.057397,2,10,449.27,3051.387,2,1.79E+09,3.30E+09,3.92E+09,2.73E+09,3.10E+09,2.58E+09,1.48E+09,2.83E+09,1.73E+09,1.44E+09,7805902.571,17650067.56,12191431.78,14055569.66,11638914.63,6380553.312,5615979.795,7722551.836,6324327.859,14732727.29,,,,,,,,,,,,,,,,,,,,,
SLVDNMITGVTK,SLVDNMITGVTK,639.34,3658.405219,2,10,639.34,3654.368,2,1.00E+09,7.45E+08,8.52E+08,9.45E+08,9.98E+08,9.88E+08,1.14E+09,1.29E+09,6.54E+08,1.12E+09,8906749.035,7638046.654,8525261.066,9078515.932,8978472.593,6217906.355,7190258.095,5826208.339,6056000.199,6725348.919,,,,,,,,,,,,,,,,,,,,,
ISHVSTGGGASLELLEGK,ISHVSTGGGASLELLEGK,585.65,2969.496873,3,7,585.65,2963.325,3,0,2.22E+09,2.52E+09,0,0,2.17E+09,1.63E+09,2.25E+09,1.76E+09,2.05E+09,23045624.37,36227557.02,28874640.37,33190211.66,32050001.78,19273109.39,20829730.99,23941294.52,19258636.61,26123061.04,,,,,,,,,,,,,,,,,,,,,
LIGPTSVVGR,LIGPTSVVGR,499.8,2283.26123,2,10,499.8,2282.314,2,2.68E+09,2.76E+09,2.98E+09,2.86E+09,2.62E+09,2.56E+09,2.04E+09,2.47E+09,1.97E+09,2.02E+09,13805229.38,15968831.85,14825159.15,14020787.49,13571966.33,10490865.84,12671746.57,10305383.27,10355220.16,14652518.08,,,,,,,,,,,,,,,,,,,,,
LFEGNALIR,LFEGNALIR,516.8,2997.337351,2,10,516.8,2995.886,2,8.58E+08,1.06E+09,1.26E+09,1.09E+09,1.38E+09,1.07E+09,6.63E+08,6.38E+08,1.44E+09,7.97E+08,4961000.109,7567668.333,6292997.141,8091361.025,6767648.785,3804647.505,3710698.968,4234309.028,4610336.879,6337242.793,,,,,,,,,,,,,,,,,,,,,
IINEPTAAAIAYGLGAGK,IINEPTAAAIAYGLGAGK,577.32,3913.601914,3,9,577.32,3908.289,3,0,1.26E+09,1.58E+09,1.39E+09,1.68E+09,1.38E+09,1.03E+09,1.22E+09,1.12E+09,1.04E+09,15030759.25,14975203.98,13332513.5,15890101.18,13161440.86,9977105.62,11649566.66,10356982.93,9768234.121,11674196.91,,,,,,,,,,,,,,,,,,,,,
LIDLTQFPAFVTPMGK,LIDLTQFPAFVTPMGK,593.32,5075.559359,3,8,593.32,5065.975,3,1110500,0,9956960,1.08E+07,1.21E+07,8165850,2.40E+08,2.71E+08,0,2.69E+08,4267273.214,4406219.425,3991705.533,4645409.768,3590374.503,2839406.727,3211318.952,3120072.664,3221731.485,3608677.316,,,,,,,,,,,,,,,,,,,,,
VTVGAEGGSIR,LASWVIDNK,523.29,1297.116696,],10,523.29,1299.738,2,3.29E+09,8.72E+08,2.11E+09,2.04E+09,1.86E+09,2.36E+09,2.14E+09,2.03E+09,2.26E+09,1.89E+09,21914044.56,12637615.58,12540917.36,11260702.67,14002682.43,13492057.39,11479443.46,13921189.44,11478587.56,5206347.08,,,,,,,,,,,,,,,,,,,,,
FDELLEK,FDELLEK,447.23,2207.127178,2,10,447.23,2205.096,2,9.31E+08,1.78E+09,6.77E+08,5.01E+09,7.12E+08,4.38E+09,3.86E+08,4.47E+08,8.01E+08,6.74E+08,4412111.351,3063234.224,22816812.81,3268478.653,19600543.9,1780976.402,2102647.647,3648010.289,3341210.493,8182523.972,,,,,,,,,,,,,,,,,,,,,
IGPLGLSPK,IGPLGLSPK,441.28,2501.69222,2,10,441.28,2496.5,2,1.86E+09,4.09E+09,1.67E+09,2.29E+09,1.78E+09,1.96E+09,1.40E+09,1.52E+09,1.36E+09,1.49E+09,8094482.082,7602866.095,10204434.85,7681643.636,8556997.009,5973833.55,6431845.223,5862077.199,6393853.224,8208627.954,,,,,,,,,,,,,,,,,,,,,
FVIGGPQGDAGLTGR,FVIGGPQGDAGLTGR,722.88,2889.625924,2,10,722.88,2888.031,2,9.48E+08,9.28E+08,8.70E+08,9.90E+08,1.06E+09,1.10E+09,8.13E+08,1.00E+09,8.28E+08,7.23E+08,10402863.32,9451890.159,11075000,11068804.47,12308200.79,8652068.452,10402619.68,8612833.373,7685014.965,9870111.24,,,,,,,,,,,,,,,,,,,,,
GSLEEIIAEGQK,GSLEEIIAEGQK,637.34,3203.219138,2,10,637.34,3198.676,2,9.72E+08,5.75E+08,9.72E+08,1.27E+09,8.20E+08,1.62E+09,5.05E+08,5.91E+08,7.06E+08,1.03E+09,8025898.647,8018299.379,10541958.12,6907379.933,13741884.44,4217145.068,4953818.139,5914777.649,5433997.041,4881120.252,,,,,,,,,,,,,,,,,,,,,
DIVGAVLK,DIVGAVLK,407.76,2883.040981,2,10,407.76,2880.709,2,7.91E+08,6.58E+08,6.25E+08,2.98E+09,8.38E+08,9.98E+08,6.04E+08,7.30E+08,2.02E+09,7.83E+08,3040024.025,2414578.872,5174630.333,3107675.378,3916227.707,2239109.691,2679204.069,3304327.661,2895934.595,2539064.951,,,,,,,,,,,,,,,,,,,,,
LATELPAWSK,LATELPAWSK,558.31,2999.45315,2,10,558.31,3000.47,2,2.96E+09,1.56E+09,1.93E+09,1.98E+09,2.40E+09,1.92E+09,1.32E+09,1.53E+09,2.73E+09,1.52E+09,10971362.24,12734039.36,13231883.88,15687555.86,12575584.76,8802000.01,10169015.56,9827103.429,10275087.28,10152705.47,,,,,,,,,,,,,,,,,,,,,
IGSEVYHNLK,IGSEVYHNLK,580.31,1375.8983,2,10,580.31,1374.608,2,2.84E+09,3.82E+09,3.57E+09,5.86E+09,2.68E+09,3.71E+09,1.80E+09,1.99E+09,2.40E+09,1.55E+09,24078488.49,28008746.89,24547515.83,20638398.22,29130008.37,14025220.44,14320815.61,19184361.32,11570748.58,29976773.31,,,,,,,,,,,,,,,,,,,,,
GQVVSEEQRPGTPLFTVK,GQVVSEEQRPGTPLFTVK,658.02,2780.422023,3,10,658.02,2778.404,3,1.68E+09,1.53E+09,1.80E+09,1.52E+09,1.96E+09,1.91E+09,1.34E+09,1.56E+09,1.53E+09,1.21E+09,20522434.73,22548140.56,18501235.8,23990172.27,24358183.23,16406117.7,18911963.49,18628909.81,15139768.69,19828521.63,,,,,,,,,,,,,,,,,,,,,
WTANLLPAR,WTANLLPAR,521.3,3069.491348,2,10,521.3,3066.673,2,1.11E+09,2.80E+09,1.41E+09,1.34E+09,1.79E+09,1.32E+09,1.68E+09,9.04E+08,9.39E+08,9.46E+08,6718965.572,8588472.756,8431642.448,10805339.45,8132445.693,5249738.89,5487590.311,5738812.033,5674317.436,8761559.622,,,,,,,,,,,,,,,,,,,,,
AVITVPAYFNDAQR,AVITVPAYFNDAQR,782.91,3615.691066,2,9,782.91,3614.752,2,1.83E+09,2.46E+09,2.37E+09,1.57E+09,2.48E+09,2.86E+09,2.02E+09,1.68E+09,1.82E+09,0,22558818.5,21794424.84,19170688.61,30323830.69,26353922.47,17997911.38,20763500.5,16504598.14,14903228.62,22301410.49,,,,,,,,,,,,,,,,,,,,,
QLENVSSNIVK,QLENVSSNIVK,615.84,1966.005117,2,10,615.84,1963.803,2,8.26E+08,2.38E+08,3.68E+08,1.07E+09,5.43E+08,1.07E+09,4.87E+08,5.61E+08,6.07E+08,7.16E+08,6846471.604,2921357.856,8646664.486,4412401.435,9127550.224,3832353.243,4333309.283,4955461.644,5754821.337,1885799.915,,,,,,,,,,,,,,,,,,,,,
