MqSequence,PsSequence,MqProtein,PsProtein,MqMz,MqRt,MqCharge,PsMz,PsRt,PsCharge,PsValidAssays,MqAssay0,MqAssay1,MqAssay2,MqAssay3,MqAssay4,MqAssay5,MqAssay6,MqAssay7,MqAssay8,MqAssay9,PsAssay0,PsAssay1,PsAssay2,PsAssay3,PsAssay4,PsAssay5,PsAssay6,PsAssay7,PsAssay8,PsAssay9,,Mq0,Mq1,Mq2,Mq3,Mq4,Mq5,Mq6,Mq7,Mq8,Mq9,Ps0,Ps1,Ps2,Ps3,Ps4,Ps5,Ps6,Ps7,Ps8,Ps9
AAAALAGGKK,AAAALAGGKK,YLR333C,generic|YLR333C|S25B,429.26,580.398,2,429.26,583.015145,2,8,0,0,0,0,0,0,0,6584000,0,0,2406030,1406540,2917780,0,3348720,0,3453510,2619940,3017710,1346390,Mq0,1,0.822216186,0.819007326,0.853323867,0.822435836,0.801639984,0.848499936,0.836736778,0.816818022,0.905604473,0.635022858,0.667337518,0.665956928,0.609083032,0.578553874,0.653622842,0.670127364,0.575488934,0.64418984,0.46944098
AAALSIIGTAVQNNLDSQNNFMK,AAALSIIGTAVQNNLDSQNNFMK,YBR101C,generic|YBR101C|S1,807.41,4854.54,3,807.41,4853.668691,3,10,6744800,7504900,5762400,0,8734100,7869700,6144300,5778700,4468900,6898500,5566110,4820710,5477850,4201100,5484020,6124380,5662710,4809990,3927270,3733080,Mq1,0.822216186,1,0.925026984,0.962283901,0.941849801,0.911311715,0.906122748,0.944951429,0.915071789,0.957833382,0.499472977,0.53053888,0.533131368,0.501241198,0.447795611,0.531117491,0.521597198,0.434334771,0.513982504,0.400724709
AAAPTVVFLDELDSIAK,AAAPTVVFLDELDSIAK,YDL126C,generic|YDL126C|C48,587.32,5088.24,3,587.32,5088.166836,3,10,112310000,348870000,251350000,305680000,114970000,216560000,155810000,214300000,138270000,223660000,2.48E+07,2.85E+07,3.99E+07,3.17E+07,3.71E+07,3.59E+07,2.59E+07,1.66E+07,2.73E+07,1.71E+07,Mq2,0.819007326,0.925026984,1,0.936486171,0.927542817,0.9009009,0.909969134,0.930170403,0.935999273,0.920464451,0.537247728,0.580916182,0.542875234,0.560313581,0.427952277,0.580662342,0.540575961,0.442548644,0.546174598,0.418838011
AAATAAMTK,AAATAAMTK,YLR249W,generic|YLR249W|F3,418.22,641.88,2,418.22,636.5845218,2,10,6653500,0,8339600,0,0,0,0,0,0,0,4696260,2637410,2030590,6603960,1860680,232806,1795600,947896,8316920,254433,Mq3,0.853323867,0.962283901,0.936486171,1,0.95465632,0.926598262,0.941933704,0.962259742,0.942715138,0.957564497,0.537156533,0.566996879,0.564803658,0.53358446,0.461477265,0.566901569,0.561069395,0.453586147,0.553026708,0.405509655
AADGGVLQR,ANDLVQAR,YDR487C,generic|YJL191W|S14B,443.74,920.22,2,443.74,919.448356,2,5,2867200,0,0,1672000,0,0,0,4666100,0,0,3890050,0,0,6387510,0,6083700,0,0,4877520,2060060,Mq4,0.822435836,0.941849801,0.927542817,0.95465632,1,0.930202251,0.911786373,0.944740363,0.924312008,0.93081735,0.511903126,0.521272657,0.518635126,0.504246549,0.420711049,0.534360588,0.527158309,0.422882028,0.521088271,0.381831352
AAEAGETGAATSATEGDNNNNTAAGDKK,AAEAGETGAATSATEGDNNNNTAAGDKK,YDL084W,generic|YDL084W|B2,879.39,599.988,3,879.39,606.7864746,3,6,0,1466300,14167000,2027600,10968000,0,1898600,3644200,2994200,0,1374220,492835,0,6756300,0,0,838630,0,1909820,1291440,Mq5,0.801639984,0.911311715,0.9009009,0.926598262,0.930202251,1,0.939214446,0.941270221,0.932843942,0.902157976,0.462469628,0.489528457,0.465744218,0.464133507,0.39439331,0.486973411,0.48369745,0.382581222,0.453880795,0.357968238
AAEEADADAELADEEDAIHDEL,AAEEADADAELADEEDAIHDEL,YCL043C,generic|YCL043C|I1,1171.49,4060.56,2,1171.49,4061.099689,2,10,5789100,11658000,107670000,6894800,86426000,3365700,2875700,4804200,0,31867000,6513420,2.34E+07,1.46E+07,9.24E+07,8649120,1.33E+08,2688100,3571020,4923840,2844050,Mq6,0.848499936,0.906122748,0.909969134,0.941933704,0.911786373,0.939214446,1,0.952520877,0.960544992,0.912918453,0.548270884,0.568566553,0.552660855,0.53957049,0.471193296,0.577817178,0.56845989,0.462848709,0.543947281,0.412854533
AAGANVDNVWADVYAK,AAGANVDNVWADVYAK,YDL130W,generic|YDL130W|P1B,832.41,3658.44,2,832.41,3659.760865,2,10,402400000,389720000,398370000,504990000,532720000,306250000,333130000,292140000,266720000,297110000,5.36E+08,4.93E+08,5.37E+08,5.75E+08,6.93E+08,8.01E+08,4.34E+08,4.21E+08,4.11E+08,3.38E+08,Mq7,0.836736778,0.944951429,0.930170403,0.962259742,0.944740363,0.941270221,0.952520877,1,0.956096767,0.939364554,0.535575072,0.566842174,0.550404039,0.534768843,0.448198593,0.56392588,0.55395629,0.446027425,0.550440723,0.407934176
AAGHLVETSCTIMDLK,AAGHLVETSCTIMDLK,YMR079W,generic|YMR079W|C14,582.62,3029.46,3,582.62,3035.52331,3,4,6250600,0,0,0,0,0,0,0,0,0,3592140,0,0,0,0,0,6857200,4052140,5579960,0,Mq8,0.816818022,0.915071789,0.935999273,0.942715138,0.924312008,0.932843942,0.960544992,0.956096767,1,0.914491299,0.541733162,0.581320511,0.542357393,0.568894088,0.441378998,0.574632151,0.559257929,0.45497619,0.558221957,0.435728791
AAILACAAEYIQK,AAILACAAEYIQK,YJR060W,generic|YJR060W|F1,711.38,3738.66,2,711.38,3740.765766,2,9,2485300,1973700,0,0,0,0,0,1714800,0,2911000,2940800,4542130,3234010,0,3367990,2442980,2622420,2386380,1827630,1661370,Mq9,0.905604473,0.957833382,0.920464451,0.957564497,0.93081735,0.902157976,0.912918453,0.939364554,0.914491299,1,0.561713529,0.626234007,0.602706436,0.561602828,0.506316195,0.595993458,0.584388176,0.479863057,0.573697337,0.422838852
AAIVQIDATPFR,AAIVQIDATPFR,YER102W,generic|YBL072C|S8A,651.36,3504.06,2,651.36,3511.841449,2,8,338310000,787910000,0,520760000,346110000,313510000,0,371250000,314960000,411720000,5.61E+08,7.24E+08,1.86E+07,5.84E+08,0,5.85E+08,6.37E+08,5.09E+08,0,4.70E+08,Ps0,0.635022858,0.499472977,0.537247728,0.537156533,0.511903126,0.462469628,0.548270884,0.535575072,0.541733162,0.561713529,1,0.817441287,0.856090702,0.868675079,0.880558652,0.918845035,0.901123698,0.862218328,0.886797954,0.800425643
AAIVQIDATPFRQWFEAHYGQTLGK,AAIVQIDATPFRQWFEAHYGQTLGK,YER102W,generic|YBL072C|S8A,949.82,5006.88,3,949.82,4997.58151,3,3,1604900,0,0,0,0,0,1795100,0,2514600,0,1093720,0,0,0,1364810,0,1378900,0,0,0,Ps1,0.667337518,0.53053888,0.580916182,0.566996879,0.521272657,0.489528457,0.568566553,0.566842174,0.581320511,0.626234007,0.817441287,1,0.795658325,0.777216517,0.728624505,0.913138292,0.778480139,0.659024934,0.770399167,0.590469221
AALLNQYFAQAYK,AALLNQYFAQAYK,YGL245W,generic|YGL245W|S1,750.9,3922.86,2,750.9,3914.519707,2,10,111690000,166310000,119130000,183640000,148420000,109000000,95219000,100990000,70636000,153390000,1.46E+08,1.85E+08,2.08E+08,1.46E+08,2.06E+08,1.85E+08,1.45E+08,1.25E+08,1.36E+08,9.78E+07,Ps2,0.665956928,0.533131368,0.542875234,0.564803658,0.518635126,0.465744218,0.552660855,0.550404039,0.542357393,0.602706436,0.856090702,0.795658325,1,0.889340737,0.846370713,0.875002378,0.9227183,0.878345624,0.92769537,0.785880169
AANQTASSIVDFYNAIGDDEEEK,AANQTASSIVDFYNAIGDDEEEK,YDR174W,generic|YDR174W|O1,829.71,4477.98,3,829.71,4470.242665,3,8,5290100,0,0,0,0,0,0,0,0,0,5304670,1712830,3966540,0,2256940,2824470,1159480,1460570,798211,0,Ps3,0.609083032,0.501241198,0.560313581,0.53358446,0.504246549,0.464133507,0.53957049,0.534768843,0.568894088,0.561602828,0.868675079,0.777216517,0.889340737,1,0.805894623,0.864081548,0.903147728,0.898370083,0.938827845,0.833209455
AAPIVDDEETEFDIYNSK,AAPIVDDEETEFDIYNSK,YER070W,generic|YER070W|R1,1028.47,3540.48,2,1028.47,3535.587285,2,10,18764000,9767300,16200000,12259000,19454000,5794300,21527000,8573200,15494000,5142800,1.35E+07,4509230,8200140,1.51E+07,5096370,1.75E+07,4675540,1.00E+07,5273180,6883950,Ps4,0.578553874,0.447795611,0.427952277,0.461477265,0.420711049,0.39439331,0.471193296,0.448198593,0.441378998,0.506316195,0.880558652,0.728624505,0.846370713,0.805894623,1,0.847280633,0.855567845,0.901311266,0.823193681,0.858247974
AASYADKINTPELWSQIGTAQLDGLR,AASYADKINTPELWSQIGTAQLDGLR,YGL206C,generic|YGL206C|C1,940.15,4634.52,3,940.15,4644.403358,3,9,3424400,2428800,3445400,5269300,4053300,2696900,2913000,2132400,1384000,3550400,3497030,5091850,3843150,0,6704910,4940410,2858260,2278410,2242890,1547350,Ps5,0.653622842,0.531117491,0.580662342,0.566901569,0.534360588,0.486973411,0.577817178,0.56392588,0.574632151,0.595993458,0.918845035,0.913138292,0.875002378,0.864081548,0.847280633,1,0.885040811,0.831467413,0.87943182,0.757000792
AATILPQFVGLK,AATILPQFVGLK,YNR037C,generic|YNR037C|M19,629.38,4227.06,2,629.38,4218.241058,2,10,12503000,0,10374000,0,0,0,0,0,0,0,2.34E+07,6796990,2.25E+07,1.90E+07,2.46E+07,2.21E+07,5645020,6446720,5274250,6036450,Ps6,0.670127364,0.521597198,0.540575961,0.561069395,0.527158309,0.48369745,0.56845989,0.55395629,0.559257929,0.584388176,0.901123698,0.778480139,0.9227183,0.903147728,0.855567845,0.885040811,1,0.91647453,0.949512667,0.814331092
AATLISNIL,AATLISNIL,YLL001W,generic|YLL001W|M1,458.28,4680.42,2,458.28,4680.438553,2,9,1613200,1301400,1386600,0,0,0,0,0,0,0,1548090,949778,1874690,2231880,1937150,0,971233,1188430,1255360,1154420,Ps7,0.575488934,0.434334771,0.442548644,0.453586147,0.422882028,0.382581222,0.462848709,0.446027425,0.45497619,0.479863057,0.862218328,0.659024934,0.878345624,0.898370083,0.901311266,0.831467413,0.91647453,1,0.9281299,0.908765155
AAVEEGILPGGGTALVK,AAVEEGILPGGGTALVK,YLR259C,generic|YLR259C|P60,791.45,3305.82,2,791.45,3299.351248,2,10,352810000,258940000,439320000,489120000,438350000,147620000,185030000,216560000,142110000,132330000,7.57E+08,2.02E+08,5.47E+08,7.48E+08,8.18E+08,9.24E+08,3.07E+08,3.70E+08,3.28E+08,2.58E+08,Ps8,0.64418984,0.513982504,0.546174598,0.553026708,0.521088271,0.453880795,0.543947281,0.550440723,0.558221957,0.573697337,0.886797954,0.770399167,0.92769537,0.938827845,0.823193681,0.87943182,0.949512667,0.9281299,1,0.806678986
AAVSGKPYFFFGSDSAPHPVQNK,AAVSGKPYFFFGSDSAPHPVQNK,YLR420W,generic|YLR420W|A4,817.74,3292.02,3,817.74,3296.777104,3,9,0,9764800,0,12123000,6639800,4339300,0,5805600,0,13791000,5824980,1.20E+07,1.13E+07,0,1.14E+07,8214300,4632360,5168560,7793410,3153810,Ps9,0.46944098,0.400724709,0.418838011,0.405509655,0.381831352,0.357968238,0.412854533,0.407934176,0.435728791,0.422838852,0.800425643,0.590469221,0.785880169,0.833209455,0.858247974,0.757000792,0.814331092,0.908765155,0.806678986,1
AAVTLHLR,AAVTLHLR,YIR034C,generic|YIR034C|S1,461.78,2718.9,2,461.78,2726.443337,2,10,0,0,0,0,0,0,0,0,0,0,3146870,1639050,4715580,4760720,3523020,4826740,2567640,2615490,2400090,2983310,,,,,,,,,,,,,,,,,,,,,
AAYSYMFDSLR,AAYSYMFDSLR,YPL004C,generic|YPL004C|P1,662.31,3876.3,2,662.31,3878.647342,2,10,0,0,0,0,0,2500600,0,3066700,0,0,1988950,7245660,4212620,2865150,1825440,3210460,2992400,1219790,2554500,1214160,,,,,,,,,,,,,,,,,,,,,
ACAQQFR,ACAQQFR,YGR204W,generic|YGR204W|E3,440.71,724.56,2,440.71,718.9781134,2,10,5245800,0,0,0,0,7244600,0,0,0,0,6064650,1827790,2818580,8052310,4672010,9001510,6892060,3536190,8164800,5468280,,,,,,,,,,,,,,,,,,,,,
ACDTSNDNFPLQYDGSK,ACDTSNDNFPLQYDGSK,YNR046W,generic|YNR046W|M112,966.41,2667.54,2,966.41,2669.914545,2,10,5081500,2341400,4880500,3727200,5034400,3096100,4450500,3687100,2998600,0,1.27E+07,2911160,3943320,1.11E+07,6933900,1.81E+07,6630580,9612250,8433310,8742290,,,,,,,,,,,,,,,,,,,,,
ACGLFSGYPDTFK,ACGLFSGYPDTFK,YNR033W,generic|YNR033W|Z1,731.84,3786.96,2,731.84,3793.148027,2,10,4868500,7794600,4743400,7199600,6080700,3452200,3903100,0,2109800,5581600,4761100,4045940,5833800,4050170,6583910,5973400,2925380,3257400,3084620,2425950,,,,,,,,,,,,,,,,,,,,,
ADAEWVQSTASK,ADAEWVQSTASK,YGR162W,generic|YGR162W|F4631,646.81,1589.04,2,646.81,1586.323672,2,10,11171000,2884400,0,4504200,17606000,0,0,6473600,6493100,3248000,1.35E+07,4544640,4478190,3.16E+07,6936580,3.66E+07,4822310,7307150,8505290,7342030,,,,,,,,,,,,,,,,,,,,,
ADANSFAGPNLDDHQEDLLATK,ADANSFAGPNLDDHQEDLLATK,YNL287W,generic|YNL287W|C21,781.37,3145.74,3,781.37,3135.834421,3,2,25576000,21487000,20750000,23065000,30139000,18036000,26991000,18544000,0,11374000,0,0,0,3.25E+07,0,9.45E+07,0,0,0,0,,,,,,,,,,,,,,,,,,,,,
ADDHASVQINVAK,ADDHASVQINVAK,YJL136C,generic|YKR057W|S21A,456.57,1373.16,3,456.57,1367.060717,3,2,20212000,13535000,60239000,13889000,64282000,9821500,15013000,15399000,14583000,33105000,0,969969,0,0,4.33E+07,0,0,0,0,0,,,,,,,,,,,,,,,,,,,,,
ADDSCFVKPYMNDETVIK,ADDSCFVKPYMNDETVIK,YPL226W,generic|YPL226W|W1,711.33,3128.82,3,711.33,3136.815024,3,10,0,4398600,0,0,0,3883900,5707700,5161400,4475800,2898500,6603630,3020150,4167730,5531490,5790060,8415710,4468370,6151800,4759680,4305130,,,,,,,,,,,,,,,,,,,,,
ADEGIFTPGVGGGGIGIVK,KDDLTIVAHTFGLDAK,YLR248W,generic|YPL106C|E1,872.47,3955.92,2,872.47,3962.761867,2,5,0,0,8770700,0,0,0,8241600,0,5070500,0,0,1315180,2079110,0,2931230,1242610,0,0,1429510,0,,,,,,,,,,,,,,,,,,,,,
ADEINQIFDAISYSK,ADEINQIFDAISYSK,YKL157W,generic|YKL157W|E2,857.42,4843.56,2,857.42,4853.330244,2,10,13440000,8894800,12325000,10584000,13001000,11761000,7115100,8811900,8206700,11572000,9482150,8887280,9264820,8759020,9706830,1.35E+07,9510450,5964950,8205220,5136130,,,,,,,,,,,,,,,,,,,,,
ADIADADVFEK,ADIADADVFEK,YCL043C,generic|YCL043C|I1,597.29,2767.74,2,597.29,2775.268899,2,9,0,0,35510000,0,44333000,0,0,0,0,0,1.51E+07,1.66E+07,1.15E+07,6.00E+07,5287450,6.22E+07,3520260,5146200,8102270,0,,,,,,,,,,,,,,,,,,,,,
ADITDKTAEQLENLNIQDDQK,ADITDKTAEQLENLNIQDDQK,YER165W,generic|YER165W|B1,815.4,3896.52,3,815.4,3904.683523,3,5,0,0,6266800,0,0,0,0,0,0,0,2585630,0,0,3438560,5642480,0,0,2685680,0,2814840,,,,,,,,,,,,,,,,,,,,,
ADLSKPITEEEHDR,QPHIFNNPK,YPL190C,generic|YDR025W|S11A,547.27,1242.78,3,547.27,1241.43977,2,6,0,0,3829200,0,0,0,0,0,0,0,0,1665520,0,6934050,527675,4.92E+07,0,2518170,3021170,0,,,,,,,,,,,,,,,,,,,,,
ADLSKPITEEEHDR,ADLSKPITEEEHDR,YPL190C,generic|YPL190C|B3,547.27,1242.78,3,547.27,1243.309316,3,1,0,0,3829200,0,0,0,0,0,0,0,0,0,0,4046640,0,0,0,0,0,0,,,,,,,,,,,,,,,,,,,,,
ADPSGTYDSLYLSR,ADPSGTYDSLYLSR,YMR215W,generic|YMR215W|S3,772.87,2810.88,2,772.87,2813.623256,2,8,0,3529900,0,3700000,0,0,0,3609300,0,0,0,3875810,3937710,4098780,4075470,6286980,4114380,4737590,0,1765710,,,,,,,,,,,,,,,,,,,,,
ADQENSPLHTVGFDAR,ADQENSPLHTVGFDAR,YLR038C,generic|YLR038C|X12,586.28,2522.7,3,586.28,2531.75486,3,2,0,0,2969300,0,0,0,0,0,0,0,0,0,0,3988560,4289050,0,0,0,0,0,,,,,,,,,,,,,,,,,,,,,
ADQEYEIEK,ADQEYEIEK,YOR332W,generic|YOR332W|A4,562.76,1202.64,2,562.76,1203.056151,2,10,4590200,0,23740000,5576300,0,0,3786800,8889200,4658200,6174200,5343110,7901050,4231200,3.35E+07,6558210,2.89E+07,3564260,4450170,1.01E+07,5386790,,,,,,,,,,,,,,,,,,,,,
ADSYNWQSSSHCNSECSAK,ADSYNWQSSSHCNSECSAK,YOR008C,generic|YOR008C|G1,739.96,1217.94,3,739.96,1227.230743,3,5,0,1098800,1806800,0,2891300,0,0,0,0,0,1033730,0,751153,0,0,0,0,1040070,688266,814621,,,,,,,,,,,,,,,,,,,,,
ADVDGFLVGGASLKPEFVDIINSR,ADVDGFLVGGASLKPEFVDIINSR,YDR050C,generic|YDR050C|I1,1260.16,5032.62,2,1260.16,5031.63902,2,6,7850400,13671000,11561000,16903000,17487000,12038000,0,0,6078600,15352000,0,7103930,6453370,4965210,8258860,8856750,0,0,0,2463070,,,,,,,,,,,,,,,,,,,,,
ADWGDDIPTTK,ADWGDDIPTTK,YGR124W,generic|YGR124W|N2,609.79,2405.04,2,609.79,2413.343243,2,8,0,33524000,133470000,0,0,0,30429000,42881000,33987000,45424000,8.74E+07,5.38E+07,4.10E+07,0,3.66E+07,2.17E+08,2.28E+07,0,4.87E+07,3.94E+07,,,,,,,,,,,,,,,,,,,,,
AEAESLVAEAQLSNITR,AEAESLVAEAQLSNITR,YGR086C,generic|YPL004C|P1,901.47,3638.1,2,901.47,3638.717166,2,10,147940000,47195000,138980000,46487000,55104000,42865000,62491000,108660000,107620000,31215000,6.58E+07,3.55E+07,5.31E+07,5.21E+07,5.47E+07,6.33E+07,4.61E+07,6.27E+07,4.66E+07,4.04E+07,,,,,,,,,,,,,,,,,,,,,
AEALNISGEFFR,AEALNISGEFFR,YNL069C,generic|YNL069C|L16B,677.34,4071.3,2,677.34,4072.620309,2,5,40829000,63790000,56319000,78149000,62574000,37123000,31111000,42214000,27081000,56273000,0,0,0,8.18E+07,3.57E+07,0,1.80E+08,4.35E+07,0,6.77E+07,,,,,,,,,,,,,,,,,,,,,
AEALNLANTDSQYLTPTSGSPVR,AEALNLANTDSQYLTPTSGSPVR,YOR341W,generic|YOR341W|A190,1203.1,3386.16,2,1203.1,3387.463594,2,8,12832000,7228700,13300000,17535000,14370000,8859900,8550300,7683300,0,5172100,5454550,0,0,5329020,6403340,8414090,5032560,5687010,4209040,2803430,,,,,,,,,,,,,,,,,,,,,
AEDPSNYENVIDIAEQAGK,AEDPSNYENVIDIAEQAGK,YGL206C,generic|YGL206C|C1,1031.98,3930.84,2,1031.98,3928.247522,2,9,10242000,8432800,10357000,0,19860000,11074000,0,16504000,8852200,0,2.12E+07,0,1.37E+07,1.94E+07,1.31E+07,2.89E+07,1.22E+07,1.44E+07,1.36E+07,1.14E+07,,,,,,,,,,,,,,,,,,,,,
AEELNISGEFFR,AEELNISGEFFR,YIL133C,generic|YIL133C|L16A,706.35,4066.08,2,706.35,4070.666373,2,4,8672700,0,12304000,20979000,0,8890200,0,0,8535800,0,0,0,0,1.30E+07,0,0,1114990,6490380,0,8320910,,,,,,,,,,,,,,,,,,,,,
AEILFPK,AEILFPK,YDR120C,generic|YDR120C|M1,409.24,2646.84,2,409.24,2645.841979,2,9,26946000,0,23263000,19372000,0,18420000,14052000,19617000,21679000,0,2.03E+07,0,1231240,9.10E+07,8.01E+07,9.41E+08,1.76E+08,5.62E+07,7.93E+07,2.12E+08,,,,,,,,,,,,,,,,,,,,,
AELRPLQFK,AELRPLQFK,YOR096W,generic|YOR096W|S7A,551.32,2373.54,2,551.32,2375.113284,2,7,236700000,250780000,297500000,164270000,217950000,205060000,169620000,175900000,181450000,367530000,2.09E+08,0,3.25E+08,2.46E+08,2.41E+08,3.60E+08,1.47E+08,0,1.60E+08,0,,,,,,,,,,,,,,,,,,,,,
AEQLYEGPADDANCIAIK,AEQLYEGPADDANCIAIK,YOR133W,generic|YOR133W|T1,989.46,2934.84,2,989.46,2941.797714,2,10,406700000,296400000,486280000,233280000,502500000,168070000,287250000,257990000,227940000,177440000,6.32E+08,1.94E+08,3.44E+08,6.49E+08,2.70E+08,8.97E+08,2.05E+08,3.85E+08,3.22E+08,2.85E+08,,,,,,,,,,,,,,,,,,,,,
AETDDGADVIR,AETDDGADVIR,YPR181C,generic|YPR181C|C23,581.27,1217.34,2,581.27,1217.081499,2,10,0,0,4624600,974630,0,0,0,1182400,857510,0,1.10E+07,755412,2393470,6681990,1312630,4368530,1241300,913622,1709400,1354580,,,,,,,,,,,,,,,,,,,,,
AEVSDVGNAILDGADCVMLSGETAK,AEVSDVGNAILDGADCVMLSGETAK,YAL038W,generic|YAL038W|C19,1261.59,4891.32,2,1261.59,4897.017465,2,7,1170100000,835600000,1083400000,1116000000,1175300000,1107800000,969350000,746280000,839390000,583980000,0,0,0,4.25E+08,4.70E+08,6.36E+08,4.33E+08,3.70E+08,3.07E+08,2.62E+08,,,,,,,,,,,,,,,,,,,,,
AEVSSMPTLIFYK,AEVSSMPTLIFYK,YGR209C,generic|YGR209C|X2,743.39,4286.82,2,743.39,4278.215838,2,10,48415000,68223000,50804000,81156000,56770000,37584000,35513000,48288000,27132000,56962000,5.06E+07,6.03E+07,7.39E+07,4.75E+07,8.79E+07,6.20E+07,4.22E+07,4.13E+07,4.96E+07,3.08E+07,,,,,,,,,,,,,,,,,,,,,
AFDTTDEPDVKPYLPEEILWR,AFDTTDEPDVKPYLPEEILWR,YGR124W,generic|YGR124W|N2,1267.63,4785,2,1267.63,4788.556154,2,5,20956000,45267000,0,50260000,52488000,27726000,13518000,21824000,13382000,41254000,3271000,4324880,7807690,0,7977050,5115720,0,0,0,0,,,,,,,,,,,,,,,,,,,,,
AFMGDYLSCNESK,AFMGDYLSCNESK,YMR109W,generic|YMR109W|O5,761.32,2960.76,2,761.32,2951.541437,2,6,1866900,0,0,0,0,0,0,0,0,0,1177490,888854,0,0,0,2867790,1243760,0,1679240,898475,,,,,,,,,,,,,,,,,,,,,
AFNLMFETAIGPSGQLK,AFNLMFETAIGPSGQLK,YBR121C,generic|YBR121C|S1,912.47,4721.7,2,912.47,4714.298204,2,10,1609300,5014700,2076600,6225600,2836800,1880100,1103200,1321100,985730,2367300,1342930,2382970,2838790,1693930,3536140,3249790,1912470,743743,1472280,931346,,,,,,,,,,,,,,,,,,,,,
AFQIGLSQR,AFQIGLSQR,YMR237W,generic|YMR237W|H1,510.29,2654.64,2,510.29,2647.291249,2,6,2878700,0,0,0,0,2827700,0,0,0,0,7847030,8906730,5011240,6824420,0,0,0,4373390,5680370,0,,,,,,,,,,,,,,,,,,,,,
AFQVFDK,AFQVFDK,YGL106W,generic|YGL106W|C1,427.72,2430.42,2,427.72,2421.651308,2,10,47435000,34610000,51137000,42394000,44664000,20488000,22185000,37707000,24609000,38057000,4.36E+07,4.17E+07,9818580,4.65E+07,4.13E+07,4.98E+07,3.10E+07,2.83E+07,3.83E+07,2.84E+07,,,,,,,,,,,,,,,,,,,,,
AFSAEDDTVVNIIK,AFSAEDDTVVNIIK,YGL195W,generic|YGL195W|N1,761.39,3640.5,2,761.39,3640.097908,2,10,0,0,0,8079500,10891000,0,0,0,0,5508400,1.14E+07,1.74E+07,8198700,1.71E+07,9280590,1.19E+07,6721450,1.04E+07,7508040,7020240,,,,,,,,,,,,,,,,,,,,,
AFSEFGITSK,AFSEFGITSK,YNL141W,generic|YNL141W|H1,543.78,2843.82,2,543.78,2849.190941,2,10,0,0,20116000,0,16652000,0,16856000,0,15039000,19112000,2.62E+07,2.80E+07,2.82E+07,3.02E+07,2.76E+07,2.77E+07,2.02E+07,2.57E+07,2.60E+07,2.41E+07,,,,,,,,,,,,,,,,,,,,,
AFSSDLATWK,AFSSDLATWK,YJR139C,generic|YJR139C|M6,563.28,3133.44,2,563.28,3134.869358,2,8,84332000,113340000,101530000,0,0,0,89040000,83361000,0,0,2.55E+08,0,3.68E+08,2.96E+08,3.96E+08,3.41E+08,2.31E+08,3.90E+08,2.62E+08,0,,,,,,,,,,,,,,,,,,,,,
AGALHGIAQDSTPWIFNEDDTPADYFGEQLAK,AGALHGIAQDSTPWIFNEDDTPADYFGEQLAK,YPR010C,generic|YPR010C|A135,1159.88,5038.2,3,1159.88,5037.700006,3,5,0,21237000,0,21825000,28959000,0,8149700,14942000,0,30898000,0,9144710,1.03E+07,0,1.09E+07,1.04E+07,0,0,4805040,0,,,,,,,,,,,,,,,,,,,,,
AGAPAPPPPPPPPALGGSAPKPAK,AGAPAPPPPPPPPALGGSAPKPAK,YLR337C,generic|YLR337C|P1,714.07,2096.94,3,714.07,2094.409963,3,9,3261900,2937400,0,3428900,0,0,5224800,0,0,0,6178050,4204480,4390490,4439650,4668970,6082510,0,6250510,3852010,5202460,,,,,,,,,,,,,,,,,,,,,
AGATSKPAFSFGAKPEEK,AGATSKPAFSFGAKPEEK,YJL041W,generic|YJL041W|P1,608.32,1819.38,3,608.32,1825.099066,3,10,0,4589400,0,0,0,0,2209800,0,2692300,5700600,4870270,7288460,5641450,3732170,5641200,6440300,2766660,3816720,3052570,4228370,,,,,,,,,,,,,,,,,,,,,
AGCHIAVILGK,AGCHIAVILGK,YPR033C,generic|YPR033C|S1,380.22,2178.42,3,380.22,2186.832211,3,7,0,6854800,3049100,5259200,2815000,0,0,0,0,7141700,0,7225500,7025430,1875900,5566220,3501220,0,974485,0,1424410,,,,,,,,,,,,,,,,,,,,,
AGCIPLPSGCGPCIGLGAGLLEPGEVGISATNR,AGCIPLPSGCGPCIGLGAGLLEPGEVGISATNR,YDR234W,generic|YDR234W|S4,1084.21,4835.1,3,1084.21,4833.678535,3,10,0,4915300,0,7969700,9444500,7199300,7008800,3667400,5275100,3442100,7408400,5552410,5590840,7278950,9484060,1.02E+07,8481430,5926000,4050390,4287690,,,,,,,,,,,,,,,,,,,,,
AGDAVWATSGGLSLQPNEIGEIVQGFDNPAGLQSNGLHIQGQK,AGDAVWATSGGLSLQPNEIGEIVQGFDNPAGLQSNGLHIQGQK,YOR122C,generic|YOR122C|Y1,1458.73,5063.82,3,1458.73,5064.227714,3,6,0,0,0,37238000,0,0,0,0,0,23035000,0,1.78E+07,1.93E+07,1.52E+07,2.80E+07,2.35E+07,0,0,1.03E+07,0,,,,,,,,,,,,,,,,,,,,,
AGEPEWESPWGK,AGEPEWESPWGK,YNL247W,generic|YNL247W|L247W,686.81,3328.98,2,686.81,3337.357831,2,9,12916000,12818000,13263000,15588000,19179000,8754900,9363500,10978000,8064900,13129000,3.19E+07,2.75E+07,3.28E+07,3.41E+07,4.07E+07,4.65E+07,2.83E+07,2.68E+07,3.26E+07,0,,,,,,,,,,,,,,,,,,,,,
AGEQRPVYFYCGDGVSDLSAAK,AGEQRPVYFYCGDGVSDLSAAK,YNL010W,generic|YNL010W|L010W,797.37,3157.08,3,797.37,3151.912079,3,10,54220000,0,0,9125000,0,49557000,3146100,49321000,0,0,4.66E+07,5.14E+07,5.59E+07,4.53E+07,7.89E+07,6.99E+07,4.82E+07,4.86E+07,5.16E+07,2.89E+07,,,,,,,,,,,,,,,,,,,,,
AGGECITLDQLAVR,AGGECITLDQLAVR,YOL120C,generic|YNL301C|L18B,751.89,3355.44,2,751.89,3348.290407,2,10,238170000,174310000,277550000,307700000,0,188730000,230830000,241170000,200400000,191570000,3.07E+08,3.08E+08,2.52E+08,3.53E+08,4.28E+08,3.88E+08,2.36E+08,2.78E+08,3.19E+08,2.42E+08,,,,,,,,,,,,,,,,,,,,,
AGGPNILSR,AGGPNILSR,YHR037W,generic|YHR037W|T2,442.75,1637.82,2,442.75,1634.343216,2,10,0,6022200,0,6897200,0,4212800,4651300,0,5089600,0,1.33E+07,5737230,9439180,1.52E+07,1.20E+07,1.19E+07,7485710,8276130,7199890,1.03E+07,,,,,,,,,,,,,,,,,,,,,
AGHQTSAESWGTGR,AGHQTSAESWGTGR,YBR031W,generic|YDR012W|L4B,722.83,952.26,2,722.83,954.3016543,2,10,223640000,37812000,47121000,25988000,387200000,20921000,22618000,27103000,15664000,30580000,3.72E+07,2.61E+07,4.36E+07,5.62E+07,3.19E+07,7.69E+07,2.28E+07,2.52E+07,3.05E+07,1.78E+07,,,,,,,,,,,,,,,,,,,,,
AGITWIGPPAEVIDSVGDK,AGITWIGPPAEVIDSVGDK,YBR218C,generic|YGL062W|C1,963,4723.08,2,963,4718.82658,2,10,31310000,16644000,16722000,30534000,28369000,19758000,28226000,17566000,15098000,21588000,5.77E+07,4.46E+07,4.54E+07,4.65E+07,5.78E+07,6.31E+07,5.42E+07,5.41E+07,3.99E+07,4.17E+07,,,,,,,,,,,,,,,,,,,,,
AGLLGFK,AGLLGFK,YBR244W,generic|YBR244W|X2,353.22,3027.54,2,353.22,3033.316375,2,5,10809000,21023000,17783000,20483000,0,7188900,8826200,11372000,9986300,18095000,0,375070,1832180,416335,0,0,0,1.48E+07,0,1471580,,,,,,,,,,,,,,,,,,,,,
AGLNIIR,LNQLLR,YOR347C,generic|YGR254W|O1,378.74,1606.32,2,378.74,1607.972303,2,10,0,0,0,0,25285000,11328000,8241900,0,0,0,4.60E+09,592647,4.12E+09,5.06E+09,1.12E+10,4.91E+09,3.43E+09,9.42E+09,4.25E+09,1.16E+10,,,,,,,,,,,,,,,,,,,,,
AGLPPLSSTEITQEISK,AGLPPLSSTEITQEISK,YDR174W,generic|YDR174W|O1,885.98,3716.88,2,885.98,3718.754959,2,9,10640000,8811300,8248800,13889000,11507000,7489300,7308300,6315800,5668000,5409100,5.26E+07,0,3.79E+07,3.89E+07,5.48E+07,6.99E+07,4.16E+07,3.76E+07,3.31E+07,2.77E+07,,,,,,,,,,,,,,,,,,,,,
AGLYNQISQAFACLLPVK,AGLYNQISQAFACLLPVK,YMR217W,generic|YMR217W|A1,997.03,5094.72,2,997.03,5094.094972,2,10,175780000,117340000,96627000,135220000,258060000,197780000,130830000,143550000,101880000,101180000,4.02E+07,4.33E+07,4.83E+07,4.08E+07,5.48E+07,6.77E+07,5.03E+07,2.99E+07,3.58E+07,2.47E+07,,,,,,,,,,,,,,,,,,,,,
AGNANSVDEEVTR,AGNANSVDEEVTR,YIR026C,generic|YIR026C|H1,702.32,1718.1,2,702.32,1717.801938,2,1,0,0,2236700,0,0,0,0,0,0,0,0,0,0,2197520,0,0,0,0,0,0,,,,,,,,,,,,,,,,,,,,,
AGNEDEAGNTYVEAYK,AGNEDEAGNTYVEAYK,YBL050W,generic|YBL050W|C17,865.88,1777.02,2,865.88,1778.01709,2,1,0,0,985590,0,1163500,0,0,0,0,0,0,0,0,0,0,878077,0,0,0,0,,,,,,,,,,,,,,,,,,,,,
AGNFALHPEVVR,AGNFALHPEVVR,YHR179W,generic|YHR179W|E2,655.35,2281.26,2,655.35,2285.539165,2,10,0,53689000,0,193840000,102130000,122130000,20535000,153840000,11408000,270300000,5.07E+07,8.32E+07,8.03E+07,5.89E+07,5.55E+07,6.86E+07,3.26E+07,3.24E+07,4.08E+07,2.53E+07,,,,,,,,,,,,,,,,,,,,,
AGNTGLATAFFNSENSNIVK,AGNTGLATAFFNSENSNIVK,YOR204W,generic|YOR204W|D1,1028.01,4037.46,2,1028.01,4032.927711,2,10,49023000,50775000,48423000,63909000,55620000,20505000,48356000,31632000,16504000,40950000,4.43E+07,2.72E+07,3.54E+07,3.15E+07,4.75E+07,4.90E+07,3.44E+07,3.39E+07,2.25E+07,2.25E+07,,,,,,,,,,,,,,,,,,,,,
AGQTHLGQPVFASVK,AGQTHLGQPVFASVK,YOR142W,generic|YOR142W|C1,770.42,2266.68,2,770.42,2266.829163,2,10,2980100,5188300,0,2780100,0,0,3262600,0,2059600,4508000,6877610,8943110,1.18E+07,4745230,5788340,8607800,3998820,3858150,4734020,2003590,,,,,,,,,,,,,,,,,,,,,
AGQVGGAGSIPGQYVPPSR,AGQVGGAGSIPGQYVPPSR,YDR429C,generic|YDR429C|F35,899.47,2227.32,2,899.47,2218.796926,2,8,4030100,2904900,0,3068400,9890000,2092800,7731200,3015600,0,0,2.57E+07,1.62E+07,0,2.47E+07,2.22E+07,3.15E+07,1.92E+07,2.39E+07,0,2.06E+07,,,,,,,,,,,,,,,,,,,,,
AGTFLFTSESVGEGHPDK,AGTFLFTSESVGEGHPDK,YLR180W,generic|YLR180W|M1,939.95,3059.22,2,939.95,3058.166221,2,4,0,10774000,0,20304000,15315000,0,0,9454100,0,11736000,0,2359780,2534380,0,5833120,0,0,0,1300560,0,,,,,,,,,,,,,,,,,,,,,
AGTVWINTYNDFDSR,AGTVWINTYNDFDSR,YPL061W,generic|YPL061W|D6,879.91,3735.24,2,879.91,3738.810761,2,10,0,25408000,0,36269000,32277000,16196000,0,18508000,0,26682000,3.09E+07,3.45E+07,3.35E+07,3035110,4.70E+07,3.63E+07,2.53E+07,2.66E+07,2.59E+07,1.52E+07,,,,,,,,,,,,,,,,,,,,,
AHNVSTSNNSPSTDNDSISK,AHNVSTSNNSPSTDNDSISK,YML039W,generic|YNL054W-B|L054W-B,692.31,623.22,3,692.31,630.2097318,3,10,14127000,3456600,26727000,0,0,5412200,6595600,8983000,8368500,2456200,1.05E+07,1553300,2878190,2.10E+07,3742570,2.23E+07,3632780,4525980,5379430,5226110,,,,,,,,,,,,,,,,,,,,,
AHSSMVGFDLPQR,AHSSMVGFDLPQR,YCR012W,generic|YCR012W|K1,722.85,2764.74,2,722.85,2766.46436,2,10,375060000,937500000,525640000,465950000,748200000,279720000,230120000,407470000,224830000,695400000,1.40E+08,2.45E+08,3.16E+08,2.01E+08,1.86E+08,2.44E+08,1.19E+08,1.07E+08,1.37E+08,1.07E+08,,,,,,,,,,,,,,,,,,,,,
AIAPNLTQLVGELVGAR,AIAPNLTQLVGELVGAR,YOR310C,generic|YOR310C|P58,861.5,5098.26,2,861.5,5098.433366,2,9,81463000,50394000,88179000,36979000,41971000,87442000,22530000,65336000,16869000,66038000,1.68E+07,1.48E+07,2.67E+07,1.93E+07,0,2.77E+07,2.22E+07,1.15E+07,1.59E+07,7840320,,,,,,,,,,,,,,,,,,,,,
AIDSSQTAGYHVDLTIQDLLDAIPDISK,AIDSSQTAGYHVDLTIQDLLDAIPDISK,YDR321W,generic|YDR321W|P1,1000.51,5089.5,3,1000.51,5089.66396,3,8,41438000,0,48324000,60951000,53393000,64864000,27804000,32397000,24728000,33353000,0,1.43E+07,1.54E+07,1.53E+07,1.98E+07,1.98E+07,2.49E+07,9685660,1.21E+07,0,,,,,,,,,,,,,,,,,,,,,
AIDYVEATANSHSR,AIDYVEATANSHSR,YMR205C,generic|YMR205C|K2,767.37,1521.42,2,767.37,1519.290896,2,10,3467800,5389000,31151000,4239500,40667000,1816300,2559300,2773700,1420300,5583000,4627330,5991540,5340960,6841860,4842310,8341590,2384100,4768400,4015630,1854690,,,,,,,,,,,,,,,,,,,,,
AIEMEGLTWGAHQFIPIGFGIK,AIEMEGLTWGAHQFIPIGFGIK,YAL003W,generic|YAL003W|B1,811.09,5024.58,3,811.09,5029.195166,3,10,11062000,15890000,8019200,13405000,12920000,12431000,6341700,8321500,4290500,17645000,4736560,8242170,8107000,4003710,8933120,7839830,5629170,2744590,4221960,2981780,,,,,,,,,,,,,,,,,,,,,
AIEPETFTQLVSSSLYER,AIEPETFTQLVSSSLYER,YER094C,generic|YER094C|P3,1035.52,5037.54,2,1035.52,5037.962714,2,10,86136000,113170000,77649000,104610000,108760000,78102000,31167000,36463000,32823000,88821000,1.55E+07,1.75E+07,2.13E+07,1.48E+07,1.85E+07,2.63E+07,1.84E+07,1.05E+07,1.28E+07,9245710,,,,,,,,,,,,,,,,,,,,,
AIEQLNYTPIK,AIEQLNYTPIK,YER165W,generic|YER165W|B1,645.36,2763.18,2,645.36,2763.840912,2,9,0,131660000,0,148110000,0,0,0,0,106230000,112020000,2.16E+08,1.47E+08,1.72E+08,1.99E+08,2.07E+08,2.32E+08,1.84E+08,2.13E+08,0,1.84E+08,,,,,,,,,,,,,,,,,,,,,
AIFDAVTKE,AIFDAVTKE,YDR127W,generic|YDR127W|O1,497.27,2607.48,2,497.27,2616.08282,2,10,0,0,15038000,9217500,28774000,0,8669400,0,8021600,0,2.63E+07,1.52E+07,2.21E+07,3.30E+07,1.91E+07,3.26E+07,1.37E+07,1.84E+07,1.96E+07,1.77E+07,,,,,,,,,,,,,,,,,,,,,
AIFEELSDIPVSVELASDFLDR,AIFEELSDIPVSVELASDFLDR,YKL104C,generic|YKL104C|A1,822.42,5141.94,3,822.42,5136.005996,3,4,0,0,0,0,0,0,0,0,0,1742600,0,4335460,0,3259690,0,5972970,0,0,5339580,0,,,,,,,,,,,,,,,,,,,,,
AIFPNTVDGDLLK,AIFPNTVDGDLLK,YKL182W,generic|YKL182W|S1,701.88,3972.06,2,701.88,3968.981207,2,10,135180000,134340000,134340000,160120000,163280000,120270000,126530000,113770000,100390000,112360000,4.51E+08,3.49E+08,4.17E+08,4.19E+08,4.73E+08,6.58E+08,3.50E+08,3.90E+08,3.62E+08,3.01E+08,,,,,,,,,,,,,,,,,,,,,
AIFTDNSLLPSLIKPVQAAQDVK,AIFTDNSLLPSLIKPVQAAQDVK,YOR317W,generic|YOR317W|A1,1234.69,4822.02,2,1234.69,4822.060788,2,1,23871000,0,22671000,0,0,1680500,0,0,0,0,0,0,0,0,0,0,692252,0,0,0,,,,,,,,,,,,,,,,,,,,,
AIGVLPQLIIDR,AIGVLPQLIIDR,YNR001C,generic|YNR001C|T1,654.41,4507.08,2,654.41,4514.63422,2,10,42822000,57856000,0,51624000,54071000,31126000,28858000,25865000,28541000,30509000,4.86E+07,5.11E+07,6.26E+07,4.58E+07,6.49E+07,6.37E+07,3.17E+07,3.26E+07,3.44E+07,3.03E+07,,,,,,,,,,,,,,,,,,,,,
AIGVQNAYFPMFVSSR,AIGVQNAYFPMFVSSR,YHR020W,generic|YHR020W|R020W,893.95,4627.8,2,893.95,4634.827226,2,9,7768100,7937800,5774200,10289000,10358000,6939000,0,5655100,4044000,6908500,1.13E+07,1.07E+07,1.41E+07,8546810,0,1.60E+07,9202970,6411140,7944030,5271410,,,,,,,,,,,,,,,,,,,,,
AIGYNIK,AVASGVFK,YDR172W,generic|YNL241C|F1,389.73,1477.44,2,389.73,1469.283675,2,1,0,0,0,9465600,0,10426000,13290000,0,10002000,0,0,0,0,0,0,0,0,0,2.15E+07,0,,,,,,,,,,,,,,,,,,,,,
AIGYNPTNQLVQDIINADSSLR,AIGYNPTNQLVQDIINADSSLR,YGL106W,generic|YGL106W|C1,1201.62,5079.24,2,1201.62,5077.344092,2,9,161360000,217060000,181560000,211330000,0,159850000,41718000,63330000,43988000,158380000,3.03E+07,3.34E+07,3.74E+07,3.18E+07,0,4.64E+07,3.30E+07,1.60E+07,2.20E+07,1.64E+07,,,,,,,,,,,,,,,,,,,,,
AIIKPQYVDNIPR,AIIKPQYVDNIPR,YDR091C,generic|YDR091C|I1,509.63,2621.58,3,509.63,2629.792368,3,10,3501700,33617000,24586000,29886000,28910000,18193000,16215000,24038000,17891000,40689000,4.30E+07,6.17E+07,6.04E+07,3.90E+07,4.95E+07,5.19E+07,3.56E+07,3.41E+07,3.88E+07,3.68E+07,,,,,,,,,,,,,,,,,,,,,
AIILGAQSIK,AIILGAQSIK,YPL028W,generic|YPL028W|G10,507.32,2529.9,2,507.32,2539.207567,2,10,143350000,136220000,145690000,135830000,96377000,121840000,0,137510000,0,0,1.27E+08,1.50E+08,1.50E+08,1.40E+08,1.48E+08,1.21E+08,1.05E+08,1.20E+08,1.24E+08,1.06E+08,,,,,,,,,,,,,,,,,,,,,
AIKEESQSIYIPR,AIKEESQSIYIPR,YDL185W,generic|YDL185W|A1,767.42,2188.74,2,767.42,2196.978522,2,9,3033700,2337000,3722100,3259200,0,1543900,2512500,1903600,3466100,4291300,2450810,4283700,2245390,4413480,3764790,4109280,1491040,2184840,0,3137880,,,,,,,,,,,,,,,,,,,,,
AIMGLPLTPYPVEK,AIMGLPLTPYPVEK,YJL130C,generic|YJL130C|A2,510.29,4315.26,3,510.29,4309.852439,3,8,1866600,0,0,0,0,0,0,0,0,0,2939880,1700820,0,2974470,2945150,2226290,1259750,1840780,0,1798920,,,,,,,,,,,,,,,,,,,,,
AIPNMQELLSPR,AIPNMQELLSPR,YER080W,generic|YER080W|M9,684.87,4146,2,684.87,4148.40953,2,7,4027900,0,3304000,6137200,5804500,0,2329100,0,2728000,0,1.20E+07,9967630,0,1.20E+07,1.69E+07,1.40E+07,1.00E+07,0,0,8364610,,,,,,,,,,,,,,,,,,,,,
AIQIPAVSSDESLR,AIQIPAVSSDESLR,YFR044C,generic|YFR044C|G1,743.4,3097.98,2,743.4,3097.996761,2,10,21769000,10839000,23742000,18370000,11932000,18525000,23528000,20498000,19522000,7401200,1.17E+08,6.10E+07,7.79E+07,1.29E+08,1.25E+08,1.43E+08,8.63E+07,1.05E+08,9.46E+07,7.82E+07,,,,,,,,,,,,,,,,,,,,,
AIQNLYPNDIAQR,AIQNLYPNDIAQR,YDL195W,generic|YDL195W|C31,758.4,2701.86,2,758.4,2704.146714,2,10,28481000,26850000,25717000,25660000,22229000,21309000,28424000,19376000,17621000,18632000,2.95E+07,1.99E+07,2.68E+07,1.91E+07,2.82E+07,3.32E+07,2.18E+07,2.93E+07,2.04E+07,2.19E+07,,,,,,,,,,,,,,,,,,,,,
AIQQAADEVASGK,AIQQAADEVASGK,YPL262W,generic|YPL262W|M1,644.33,1494.06,2,644.33,1496.590615,2,10,0,3239700,40088000,4994800,0,3186900,4166800,0,3534400,4366900,9748970,6334770,5605590,5.09E+07,1.18E+07,4.87E+07,5702190,7751240,7798680,5680570,,,,,,,,,,,,,,,,,,,,,
AISLGLLK,AISLGLLK,YDR427W,generic|YDR427W|N9,407.77,3456.54,2,407.77,3460.013511,2,10,19464000,32011000,20453000,30038000,19444000,12687000,14860000,22655000,15994000,21724000,2.10E+07,3.11E+07,3.32E+07,2.53E+07,3.07E+07,2.16E+07,1.51E+07,1.58E+07,2.18E+07,1.73E+07,,,,,,,,,,,,,,,,,,,,,
AITEAINYMK,AITEAINYMK,YOR335C,generic|YOR335C|A1,577.3,2720.88,2,577.3,2727.7038,2,10,0,0,0,41368000,0,40073000,42536000,35038000,0,35415000,5.97E+07,4.87E+07,5.96E+07,7.06E+07,5.91E+07,6.49E+07,4.97E+07,5.63E+07,5.14E+07,5.08E+07,,,,,,,,,,,,,,,,,,,,,
AITYSHAAK,AITYSHAAK,YOR209C,generic|YOR209C|T1,481.26,605.52,2,481.26,605.3055548,2,4,0,7515000,0,7105200,0,6856400,6395400,10863000,0,0,0,2147750,0,0,0,0,5558880,4610930,0,3914740,,,,,,,,,,,,,,,,,,,,,
AIVAELQETLKPDLALVEEK,AIVAELQETLKPDLALVEEK,YDR388W,generic|YDR388W|S167,737.08,4750.5,3,737.08,4753.415688,3,9,5225100,4846900,0,4091700,5571800,0,1892200,3014600,2262200,3591100,7480810,6312230,1.04E+07,6744080,7382550,1.02E+07,6028530,3902050,6235810,0,,,,,,,,,,,,,,,,,,,,,
AIVSTGLDLGNATIEK,GSPFQCNIGVGQVIK,YKR046C,generic|YNL135C|R1,801.44,3364.8,2,801.44,3356.985687,],7,0,0,0,0,0,0,4344500,0,0,0,3354530,0,0,1781850,3570620,3023040,2381260,3152780,2050490,0,,,,,,,,,,,,,,,,,,,,,
AKNPLTHSTPK,AKNPLTHSTPK,YLL045C,generic|YLL045C|L8B,597.34,605.22,2,597.34,602.9367844,2,9,82543000,127810000,83322000,186300000,53670000,0,118320000,103240000,21631000,87087000,2.59E+07,2.14E+07,3.74E+07,2.26E+07,5.05E+07,0,1.79E+07,4.47E+07,2.52E+07,1.77E+07,,,,,,,,,,,,,,,,,,,,,
AKVEEMNNIIAASR,NVGVPDDHILPGNAK,YPL249C-A,generic|YOR335C|A1,773.41,2303.16,2,773.41,2305.865297,2,9,58225000,38768000,69618000,158530000,82418000,165070000,52173000,31572000,37874000,172670000,2.67E+07,2.26E+07,1.96E+07,3.28E+07,1.90E+07,0,1.47E+07,2.27E+07,1.84E+07,1.46E+07,,,,,,,,,,,,,,,,,,,,,
ALAAEDDEATR,ALAAEDDEATR,YER110C,generic|YER110C|P123,581.27,801.12,2,581.27,794.4300822,2,10,2021000,0,5239900,1418000,0,1585300,1751100,3394400,1575700,0,2255270,1689720,1627860,6211070,1773050,6545130,1699050,1871020,4610570,1973200,,,,,,,,,,,,,,,,,,,,,
ALCCILENYQTEDGLVVPEVLR,ALCCILENYQTEDGLVVPEVLR,YDR023W,generic|YDR023W|S1,1296.15,5027.04,2,1296.15,5030.192721,],10,0,0,0,0,57788000,0,0,0,0,0,3.29E+07,2.93E+07,4.16E+07,3.17E+07,4.43E+07,4.93E+07,3.98E+07,1.85E+07,2.17E+07,1.82E+07,,,,,,,,,,,,,,,,,,,,,
ALDDFGVDYIELTSPVASEQSR,ALDDFGVDYIELTSPVASEQSR,YDL182W,generic|YDL131W|S21,1206.58,4771.74,2,1206.58,4771.996074,2,1,0,0,0,2395200,2062700,0,0,0,0,0,0,0,0,0,2626960,0,0,0,0,0,,,,,,,,,,,,,,,,,,,,,
ALDELEQFCSK,ALDELEQFCSK,YDR272W,generic|YDR272W|O2,670.31,3047.7,2,670.31,3040.759107,2,10,18381000,11705000,21825000,0,13835000,11257000,15572000,12618000,13011000,7392400,1.61E+07,7818960,1.19E+07,2.01E+07,1.24E+07,2.31E+07,9498210,1.27E+07,1.30E+07,1.12E+07,,,,,,,,,,,,,,,,,,,,,
ALDFPGWYQQILTK,ALDFPGWYQQILTK,YHR020W,generic|YHR020W|R020W,840.44,5028.24,2,840.44,5021.961601,2,9,90771000,107700000,0,92812000,85027000,16770000,0,59973000,17053000,89697000,6.40E+07,1.01E+08,8.45E+07,5.98E+07,7.26E+07,9.71E+07,9.12E+07,0,5.35E+07,4.80E+07,,,,,,,,,,,,,,,,,,,,,
ALDFPGWYQQILTK,ADVDGFLVGGASLKPEFVDIINSR,YHR020W,generic|YDR050C|I1,840.44,5028.24,2,840.44,5031.682657,3,9,90771000,107700000,0,92812000,85027000,16770000,0,59973000,17053000,89697000,2.70E+07,4.90E+07,4.60E+07,3.74E+07,4.56E+07,5.77E+07,4.52E+07,2.13E+07,3.55E+07,0,,,,,,,,,,,,,,,,,,,,,
ALDQVYK,ALDQVYK,YML126C,generic|YML126C|G13,418.73,1259.7,2,418.73,1268.331846,],6,21007000,0,46523000,0,38536000,0,13544000,27168000,17631000,0,2.51E+07,0,0,1.40E+07,3382470,1.35E+07,3688300,3018590,0,0,,,,,,,,,,,,,,,,,,,,,
ALDTVTNVLNFIK,ALDTVTNVLNFIK,YKL182W,generic|YKL182W|S1,724.41,5026.62,2,724.41,5032.586896,2,8,500180000,515880000,456920000,40955000,10870000,12238000,351840000,350750000,12020000,452440000,2.78E+08,3.49E+08,3.91E+08,2.77E+08,3.52E+08,0,0,2943560,2.55E+08,1.82E+08,,,,,,,,,,,,,,,,,,,,,
ALDTVTNVLNFIK,VVGLSTLPEIYEK,YKL182W,generic|YOL086C|H1,724.41,5026.62,2,724.41,5019.171714,2,2,500180000,515880000,456920000,40955000,10870000,12238000,351840000,350750000,12020000,452440000,7673340,0,0,0,0,0,0,0,0,1.10E+07,,,,,,,,,,,,,,,,,,,,,
ALEECVDEGLIK,ALEECVDEGLIK,YHR104W,generic|YHR104W|E3,688.34,2859.24,2,688.34,2859.310817,2,6,0,0,24700000,0,0,0,0,0,0,0,2.73E+07,2.47E+07,2.14E+07,4.35E+07,0,4.35E+07,2.12E+07,0,0,0,,,,,,,,,,,,,,,,,,,,,
ALEELNYLACLDDEGNLTPLGR,ALEELNYLACLDDEGNLTPLGR,YGL120C,generic|YGL120C|P43,1238.6,5019.66,2,1238.6,5016.725743,2,2,0,5238000,0,0,2495200,0,0,0,0,2140900,0,0,915752,0,0,1410280,0,0,0,0,,,,,,,,,,,,,,,,,,,,,
ALELYGLDPAK,ALELYGLDPAK,YBR263W,generic|YBR263W|M1,595.33,3507.42,2,595.33,3509.800001,2,9,0,0,0,45188000,45160000,22597000,0,27362000,25892000,0,8.69E+07,8.32E+07,9.17E+07,9.62E+07,1.08E+08,1.02E+08,6.54E+07,7.88E+07,7.72E+07,0,,,,,,,,,,,,,,,,,,,,,
ALENTNYAVDLGR,ALENTNYAVDLGR,YDR129C,generic|YDR129C|C6,718.36,2653.74,2,718.36,2643.981173,2,10,30691000,28507000,0,0,0,0,27633000,0,22543000,24403000,4.28E+07,2.44E+07,2.76E+07,4.78E+07,3.36E+07,5.28E+07,3.19E+07,4.18E+07,3.95E+07,3.41E+07,,,,,,,,,,,,,,,,,,,,,
ALENYTDIK,ALENYTDIK,YGL206C,generic|YGL206C|C1,533.77,2059.26,2,533.77,2066.237402,2,8,0,0,51804000,12466000,107530000,0,0,17224000,0,0,2.23E+07,0,0,1.24E+07,1.10E+07,4.75E+07,8274360,1.07E+07,3814210,1.44E+07,,,,,,,,,,,,,,,,,,,,,
ALESILVK,ALESILVK,YPR036W,generic|YPR036W|A13,436.78,2742.36,2,436.78,2750.493639,2,10,0,18665000,29290000,21632000,0,15234000,14786000,21427000,0,17981000,2.78E+07,2.53E+07,2.74E+07,4.17E+07,2.78E+07,3.45E+07,2.34E+07,2.44E+07,2.82E+07,3.09E+07,,,,,,,,,,,,,,,,,,,,,
ALESNIAPVVVLASNR,ALESNIAPVVVLASNR,YDR190C,generic|YDR190C|B1,826.97,3715.02,2,826.97,3719.300327,2,10,0,0,0,0,0,0,9259600,8276100,7073100,0,1.83E+07,1.28E+07,2.02E+07,1.78E+07,2.22E+07,1.97E+07,1.36E+07,1.82E+07,1.31E+07,1.07E+07,,,,,,,,,,,,,,,,,,,,,
ALFYQEK,ALFYQEK,YPL226W,generic|YPL226W|W1,449.74,2078.58,2,449.74,2078.85743,2,10,0,0,0,6745500,0,0,0,0,0,0,9113680,9343170,9602870,1.10E+07,9034730,1.25E+07,6120410,6304870,7825460,9261550,,,,,,,,,,,,,,,,,,,,,
ALGAEIIR,ALGAEIIR,YGR155W,generic|YGR155W|S4,421.76,2182.74,2,421.76,2180.417653,2,8,38085000,44246000,45397000,34049000,37847000,25555000,28562000,32454000,37660000,47978000,0,2.55E+08,9.74E+07,1.44E+08,0,3.24E+08,7.02E+07,8.64E+07,2.43E+08,1.16E+08,,,,,,,,,,,,,,,,,,,,,
ALGIKPQIYAK,ALGIKPQIYAK,YGR155W,generic|YGR155W|S4,601.37,2121.96,2,601.37,2120.143169,2,10,189190000,256630000,140730000,163810000,68990000,78687000,127990000,36705000,110720000,281530000,6.07E+07,1.08E+08,9.45E+07,5.97E+07,6.11E+07,5.80E+07,3.89E+07,4.66E+07,4.53E+07,6.68E+07,,,,,,,,,,,,,,,,,,,,,
ALGIMALLDEGETDWK,ALGIMALLDEGETDWK,YBR011C,generic|YBR011C|P1,889.44,5022.24,2,889.44,5015.77567,2,10,9070000,5092100,7655600,7069500,6683200,7183000,1903300,4407700,34612000,2194000,2007070,1847950,3194980,2460620,3869950,3494300,2672960,1332580,2054470,1418510,,,,,,,,,,,,,,,,,,,,,
ALHDSLCVVR,AITEAINYMK,YJR064W,generic|YOR335C|A1,585.31,1796.04,2,585.31,1800.447647,2,10,0,15508000,0,0,0,0,0,0,0,13619000,8002510,7089910,5901250,4131110,3409240,1.25E+07,2582240,2890020,2382580,3013590,,,,,,,,,,,,,,,,,,,,,
ALIIDEADR,ALIIDEADR,YMR290C,generic|YMR290C|S1,508.27,2184.36,2,508.27,2184.133124,2,7,0,0,4775600,0,5017300,0,0,0,0,0,0,2442130,0,1.08E+07,7825700,9163760,0,5519640,6549050,5922080,,,,,,,,,,,,,,,,,,,,,
